ZERO_RESULTS
ZERO_RESULTS
ZERO_RESULTS
ZERO_RESULTS
20.987229 , -89.6279613
20.9872956 , -89.6289941
20.9945283 , -89.6297069
ZERO_RESULTS
20.9848441 , -89.6397223
20.9771697 , -89.6401731
20.9771697 , -89.6401731
20.960263 , -89.6420662
20.9468049 , -89.5834617
21.2766309 , -89.7095143
ZERO_RESULTS
ZERO_RESULTS
ZERO_RESULTS
ZERO_RESULTS
21.0132185 , -89.6072501
21.0132185 , -89.6072501
21.0132185 , -89.6072501
ZERO_RESULTS
21.012246 , -89.619103
ZERO_RESULTS
20.9447135 , -89.5999106
ZERO_RESULTS
21.2435737 , -89.0358917
ZERO_RESULTS
ZERO_RESULTS
ZERO_RESULTS
21.1003341 , -89.7048293
21.0265033 , -89.5215881
20.9443224 , -89.5879607
20.9725945 , -89.5616438
ZERO_RESULTS
ZERO_RESULTS
ZERO_RESULTS
ZERO_RESULTS
ZERO_RESULTS
ZERO_RESULTS
20.9544474 , -89.5855674
ZERO_RESULTS
30.6280072 , -110.9659664
ZERO_RESULTS
20.9258936 , -89.6728221
20.9258635 , -89.6727693
21.002944 , -89.57124
ZERO_RESULTS
ZERO_RESULTS
ZERO_RESULTS
ZERO_RESULTS
20.9611523 , -89.5948999
20.9611523 , -89.5948999
ZERO_RESULTS
ZERO_RESULTS
20.9688812 , -89.6693961
ZERO_RESULTS
20.955127 , -89.6509852
21.0259775 , -89.6254341
20.95821 , -89.649739
20.9766846 , -89.6490098
ZERO_RESULTS
20.9795049 , -89.6497533
32.4744261 , -116.9317944
20.9773401 , -89.6498523
20.9773401 , -89.6498523
20.9762182 , -89.6499388
ZERO_RESULTS
20.9535266 , -89.6548483
20.942665 , -89.6127537
20.9491951 , -89.6605956
20.9470889 , -89.6558243
ZERO_RESULTS
20.9385902 , -89.6471168
ZERO_RESULTS
21.2067103 , -88.7935015
ZERO_RESULTS
21.3906636 , -88.9024944
20.5069872 , -90.1094518
20.9485984 , -89.1192383
ZERO_RESULTS
ZERO_RESULTS
ZERO_RESULTS
ZERO_RESULTS
21.0045503 , -89.5967258
ZERO_RESULTS
ZERO_RESULTS
ZERO_RESULTS
32.4993765 , -116.9861352
ZERO_RESULTS
28.6556862 , -106.0960525
ZERO_RESULTS
21.015563 , -89.5799365
20.9978373 , -89.6145591
20.9977196 , -89.6145314
ZERO_RESULTS
ZERO_RESULTS
21.032716 , -89.637858
20.9796717 , -89.5750709
20.9796717 , -89.5750709
ZERO_RESULTS
ZERO_RESULTS
21.3926014 , -88.8935917
ZERO_RESULTS
ZERO_RESULTS
ZERO_RESULTS
ZERO_RESULTS
20.96063 , -89.6553286
20.9941982 , -89.6024488
20.9941982 , -89.6024488
ZERO_RESULTS
20.956158 , -89.6555044
20.9949422 , -89.6015777
ZERO_RESULTS
20.9350317 , -89.6234633
20.9358328 , -89.6321887
20.9358328 , -89.6321887
20.9345677 , -89.6155174
ZERO_RESULTS
20.9572028 , -89.6586305
20.9777932 , -89.6564825
20.9335822 , -89.6139184
21.0701376 , -89.6637267
20.9757915 , -89.659799
20.9757915 , -89.659799
ZERO_RESULTS
ZERO_RESULTS
ZERO_RESULTS
ZERO_RESULTS
ZERO_RESULTS
20.9923097 , -89.5912609
ZERO_RESULTS
ZERO_RESULTS
ZERO_RESULTS
ZERO_RESULTS
ZERO_RESULTS
20.6995941 , -88.58954
ZERO_RESULTS
20.9907572 , -89.3921539
41.5838899 , -4.81119
ZERO_RESULTS
20.9695217 , -89.6222319
20.9854329 , -89.6291215
ZERO_RESULTS
ZERO_RESULTS
21.0136013 , -89.5862917
ZERO_RESULTS
ZERO_RESULTS
20.9810198 , -89.6603457
20.982884 , -89.6567772
ZERO_RESULTS
ZERO_RESULTS
ZERO_RESULTS
20.9846664 , -89.6616822
20.9846664 , -89.6616822
20.9587075 , -89.667741
20.9293822 , -89.6234115
ZERO_RESULTS
20.929654 , -89.6205132
20.9608096 , -89.6691431
ZERO_RESULTS
20.9298505 , -89.6147855
20.9291689 , -89.6166234
20.9288276 , -89.6429118
20.9232469 , -89.627933
20.9270858 , -89.6353211
20.9283332 , -89.6398138
21.3932363 , -88.8887196
ZERO_RESULTS
ZERO_RESULTS
20.5904573 , -90.0062564
20.5904698 , -90.0056517
21.0193062 , -89.6271117
21.1767256 , -86.8795633
20.7726904 , -89.2142237
ZERO_RESULTS
ZERO_RESULTS
21.0236425 , -89.5712053
20.9728487 , -89.6690978
20.9728487 , -89.6690978
21.0205012 , -89.6380696
21.0204991 , -89.6380472
20.8027647 , -88.2019245
ZERO_RESULTS
ZERO_RESULTS
ZERO_RESULTS
ZERO_RESULTS
20.9243738 , -89.5514531
ZERO_RESULTS
ZERO_RESULTS
20.9241868 , -89.6281462
20.9265655 , -89.6353771
20.9948787 , -89.6652303
20.923237 , -89.6281724
20.9232469 , -89.627933
20.9274788 , -89.6457901
18.8613767 , -99.2035951
ZERO_RESULTS
ZERO_RESULTS
ZERO_RESULTS
20.6473821 , -87.9340101
ZERO_RESULTS
20.6612067 , -87.9289967
ZERO_RESULTS
ZERO_RESULTS
ZERO_RESULTS
ZERO_RESULTS
20.9434146 , -89.6696515
21.0130016 , -89.7022688
21.1017575 , -89.6509128
ZERO_RESULTS
ZERO_RESULTS
20.97342 , -89.5988387
20.97342 , -89.5988387
20.97342 , -89.5988387
ZERO_RESULTS
ZERO_RESULTS
21.2005817 , -89.266759
ZERO_RESULTS
20.7399601 , -89.3166586
ZERO_RESULTS
ZERO_RESULTS
20.9863148 , -89.6299286
ZERO_RESULTS
20.3946554 , -89.5231789
20.9358328 , -89.6321887
21.0163273 , -89.6264829
20.968472 , -89.5962745
20.964955 , -89.5692348
20.9674229 , -89.5857735
ZERO_RESULTS
ZERO_RESULTS
20.960272 , -89.5857907
20.960272 , -89.5857907
20.81695 , -89.4484248
20.81695 , -89.4484248
20.5856059 , -89.995186
20.970789 , -89.5980592
20.9957525 , -89.6060784
20.9957525 , -89.6060784
ZERO_RESULTS
ZERO_RESULTS
20.991997 , -89.6727312
20.9918514 , -89.6724357
20.9882923 , -89.6740418
20.9196368 , -89.6187669
20.9196293 , -89.6189805
ZERO_RESULTS
ZERO_RESULTS
20.9164825 , -89.6163829
ZERO_RESULTS
ZERO_RESULTS
ZERO_RESULTS
20.7412987 , -89.3158588
ZERO_RESULTS
20.944019 , -89.0165039
ZERO_RESULTS
20.5870954 , -90.004663
20.4828214 , -89.7049847
19.4966656 , -99.0750767
22.2339043 , -97.8390378
ZERO_RESULTS
ZERO_RESULTS
ZERO_RESULTS
ZERO_RESULTS
ZERO_RESULTS
20.9211347 , -89.7119092
ZERO_RESULTS
20.9584338 , -89.579708
20.9576174 , -89.5766509
20.9215943 , -89.7126116
ZERO_RESULTS
ZERO_RESULTS
ZERO_RESULTS
ZERO_RESULTS
ZERO_RESULTS
ZERO_RESULTS
ZERO_RESULTS
ZERO_RESULTS
21.005832 , -89.613466
ZERO_RESULTS
21.0056743 , -89.6156921
ZERO_RESULTS
21.0145571 , -89.597013
20.9429313 , -89.598636
20.991032 , -89.6348064
20.4030518 , -89.5392716
20.957858 , -89.598215
21.0064214 , -89.6227737
20.9928775 , -89.6477173
ZERO_RESULTS
20.965932 , -89.5710182
20.941609 , -89.6000834
20.941609 , -89.6000834
18.8534428 , -99.2307388
ZERO_RESULTS
ZERO_RESULTS
20.9158643 , -89.6498078
ZERO_RESULTS
ZERO_RESULTS
ZERO_RESULTS
ZERO_RESULTS
21.0016888 , -89.6296995
20.9755235 , -89.587449
20.9644887 , -89.5707359
20.9644887 , -89.5707359
21.0166444 , -89.7054143
21.0166444 , -89.7054143
ZERO_RESULTS
ZERO_RESULTS
31.0409821 , -114.8242534
32.4672075 , -116.9687868
20.8870639 , -89.7391595
ZERO_RESULTS
20.8787023 , -89.7450484
20.8879285 , -89.7438996
20.9905 , -89.580514
20.9905 , -89.580514
ZERO_RESULTS
21.246455 , -89.0426198
21.28 , -89.67
ZERO_RESULTS
20.9490634 , -89.5952076
20.9886767 , -89.610101
ZERO_RESULTS
ZERO_RESULTS
20.9586584 , -89.5714802
20.958585 , -89.5714938
20.8208247 , -89.6577666
ZERO_RESULTS
21.008601 , -89.599584
20.9580006 , -89.571571
20.5889654 , -89.9967019
20.5837337 , -89.9967371
ZERO_RESULTS
ZERO_RESULTS
20.9761741 , -89.6418772
21.0297714 , -89.6039336
38.9034185 , -6.5375551
20.9086127 , -89.6438718
21.0201809 , -89.6563128
20.5113634 , -90.1187234
ZERO_RESULTS
20.9283331 , -89.5742717
20.9583885 , -89.5899697
ZERO_RESULTS
20.9733556 , -89.6780841
ZERO_RESULTS
ZERO_RESULTS
ZERO_RESULTS
ZERO_RESULTS
ZERO_RESULTS
20.8895479 , -89.7381795
20.8895479 , -89.7381795
ZERO_RESULTS
20.5478862 , -88.8276919
ZERO_RESULTS
ZERO_RESULTS
20.9328023 , -89.5498783
20.9331858 , -89.5509084
ZERO_RESULTS
21.0994655 , -89.5773134
21.0085873 , -89.5869434
21.0085873 , -89.5869434
21.0085873 , -89.5869434
ZERO_RESULTS
21.0192442 , -89.5697286
20.9942602 , -89.6115571
20.9942602 , -89.6115571
21.0155461 , -89.6322493
20.9942602 , -89.6115571
20.972263 , -89.6027374
ZERO_RESULTS
21.5963825 , -88.157715
21.0869083 , -89.1535751
20.9623739 , -89.5997838
20.9555069 , -89.579083
21.0274037 , -89.8754841
21.0154982 , -89.5704401
21.0154163 , -89.5703848
21.0231768 , -89.5702672
21.0032062 , -89.6061806
21.0031377 , -89.6061254
ZERO_RESULTS
ZERO_RESULTS
ZERO_RESULTS
ZERO_RESULTS
20.4803868 , -90.0779829
21.0152121 , -89.6283879
20.722527 , -89.1616316
ZERO_RESULTS
ZERO_RESULTS
ZERO_RESULTS
ZERO_RESULTS
20.97 , -89.62
ZERO_RESULTS
20.8222246 , -89.6599481
21.0337416 , -89.6510948
20.4030959 , -89.5276198
ZERO_RESULTS
ZERO_RESULTS
ZERO_RESULTS
ZERO_RESULTS
ZERO_RESULTS
ZERO_RESULTS
ZERO_RESULTS
ZERO_RESULTS
ZERO_RESULTS
21.0032964 , -89.6095595
ZERO_RESULTS
20.87492 , -89.2533974
ZERO_RESULTS
ZERO_RESULTS
ZERO_RESULTS
ZERO_RESULTS
ZERO_RESULTS
20.4060522 , -89.5285162
21.0130928 , -89.8678421
20.9648315 , -89.6522995
20.9798516 , -89.4406227
ZERO_RESULTS
ZERO_RESULTS
21.2548763 , -89.0421981
21.2320466 , -89.1156707
ZERO_RESULTS
21.0099638 , -89.5659233
ZERO_RESULTS
20.983139 , -89.227311
ZERO_RESULTS
ZERO_RESULTS
21.2334388 , -89.1162118
ZERO_RESULTS
ZERO_RESULTS
20.8986478 , -89.6509493
ZERO_RESULTS
20.8926603 , -89.6704791
ZERO_RESULTS
ZERO_RESULTS
21.0219552 , -88.1781606
ZERO_RESULTS
ZERO_RESULTS
ZERO_RESULTS
20.6342627 , -88.2194569
ZERO_RESULTS
20.3897829 , -89.4743079
ZERO_RESULTS
ZERO_RESULTS
ZERO_RESULTS
ZERO_RESULTS
20.9174271 , -89.9474931
20.6486769 , -89.8948725
ZERO_RESULTS
ZERO_RESULTS
20.5845372 , -89.997002
ZERO_RESULTS
20.9570456 , -89.5856171
20.9721267 , -89.6737209
ZERO_RESULTS
ZERO_RESULTS
21.0497995 , -89.3271169
21.294472 , -89.6016739
21.59586 , -88.1556034
ZERO_RESULTS
20.4004595 , -89.5318949
ZERO_RESULTS
ZERO_RESULTS
ZERO_RESULTS
21.0109846 , -89.6544891
20.928844 , -89.5498991
20.8941536 , -89.6670802
20.8827436 , -89.7484302
20.4787311 , -90.08257
20.7726904 , -89.2142237
ZERO_RESULTS
20.8828799 , -89.7509937
21.0122892 , -89.6012155
21.0122892 , -89.6012155
20.9561312 , -89.5982212
20.9902581 , -89.6436339
20.9908679 , -89.6470531
20.9771777 , -89.575242
21.016561 , -89.570235
21.0377038 , -89.6411054
21.016561 , -89.570235
20.9907029 , -89.6059171
20.7378562 , -89.2818523
ZERO_RESULTS
ZERO_RESULTS
ZERO_RESULTS
20.9345711 , -89.5564514
20.9926156 , -89.6106585
20.9926156 , -89.6106585
ZERO_RESULTS
ZERO_RESULTS
ZERO_RESULTS
20.9174271 , -89.9474931
ZERO_RESULTS
21.0265001 , -89.5729926
ZERO_RESULTS
ZERO_RESULTS
ZERO_RESULTS
ZERO_RESULTS
21.1969379 , -88.7951611
ZERO_RESULTS
21.0057062 , -88.3056301
20.492326 , -90.0769858
ZERO_RESULTS
20.9110308 , -89.9485066
3.3851881 , -76.5258226
ZERO_RESULTS
ZERO_RESULTS
20.9669548 , -89.6268534
21.0923769 , -89.5776728
21.02546 , -89.627134
20.9855253 , -89.5741722
20.9374824 , -89.6095949
20.9852103 , -89.574052
21.0950347 , -89.2781179
20.4803239 , -89.7104468
ZERO_RESULTS
ZERO_RESULTS
20.5956727 , -89.0068934
ZERO_RESULTS
ZERO_RESULTS
ZERO_RESULTS
21.0194422 , -88.944027
ZERO_RESULTS
ZERO_RESULTS
ZERO_RESULTS
ZERO_RESULTS
21.0472596 , -89.0742939
21.0264306 , -89.747956
ZERO_RESULTS
ZERO_RESULTS
ZERO_RESULTS
ZERO_RESULTS
ZERO_RESULTS
20.8801709 , -89.7490075
ZERO_RESULTS
20.5968847 , -89.0064059
ZERO_RESULTS
20.9952405 , -89.6260116
ZERO_RESULTS
20.5829498 , -90.0009318
ZERO_RESULTS
ZERO_RESULTS
ZERO_RESULTS
ZERO_RESULTS
ZERO_RESULTS
21.1331059 , -89.5160329
ZERO_RESULTS
21.0132692 , -89.6321196
21.0132692 , -89.6321196
20.9864875 , -89.6330537
20.9554232 , -89.5953402
24.8047326 , -107.3978255
ZERO_RESULTS
21.0204519 , -89.6314299
20.2633928 , -89.3476313
ZERO_RESULTS
ZERO_RESULTS
20.9337579 , -89.1253171
ZERO_RESULTS
20.9410744 , -89.5545721
20.9410744 , -89.5545721
ZERO_RESULTS
21.3013199 , -88.2692778
ZERO_RESULTS
21.0397067 , -89.5567934
ZERO_RESULTS
20.7510538 , -89.8302551
ZERO_RESULTS
ZERO_RESULTS
20.7257929 , -89.1620179
ZERO_RESULTS
ZERO_RESULTS
ZERO_RESULTS
20.9521932 , -89.5988825
ZERO_RESULTS
ZERO_RESULTS
ZERO_RESULTS
20.3883765 , -89.4691036
21.1468308 , -89.4818307
ZERO_RESULTS
ZERO_RESULTS
20.8589236 , -87.6684516
ZERO_RESULTS
21.023216 , -89.8805868
21.1652574 , -90.0306155
ZERO_RESULTS
ZERO_RESULTS
20.9628942 , -89.5778675
18.8191929 , -99.2139049
21.0220358 , -89.5692285
20.9631835 , -89.5759226
21.0049053 , -89.6515921
20.951481 , -89.5739433
21.0419369 , -89.553154
21.041936 , -89.55316
21.2950024 , -88.2645679
ZERO_RESULTS
ZERO_RESULTS
ZERO_RESULTS
20.5353053 , -89.3298903
ZERO_RESULTS
ZERO_RESULTS
20.3971467 , -89.5510899
20.8123351 , -89.5231203
21.0025752 , -89.395103
20.4944413 , -86.9361179
20.9894834 , -89.6095535
20.9894834 , -89.6095535
20.7490953 , -89.4739906
20.7490953 , -89.4739906
21.1525119 , -89.4829012
21.1525119 , -89.4829012
20.9708213 , -89.6691766
ZERO_RESULTS
21.0087889 , -89.4236516
ZERO_RESULTS
ZERO_RESULTS
21.0751215 , -89.5206148
ZERO_RESULTS
20.8814897 , -89.7486787
20.8815003 , -89.7487665
21.2837474 , -89.6561791
21.0617572 , -89.4205031
ZERO_RESULTS
ZERO_RESULTS
ZERO_RESULTS
20.7672704 , -88.3920694
ZERO_RESULTS
21.0123875 , -89.6376426
40.7744583 , -73.967701
ZERO_RESULTS
20.8562653 , -90.3994641
20.7244615 , -89.1666584
ZERO_RESULTS
21.0039829 , -89.6170113
21.0039829 , -89.6170113
21.0039829 , -89.6170113
ZERO_RESULTS
ZERO_RESULTS
20.5989466 , -89.0145746
21.2485743 , -89.031374
20.956104 , -89.5829283
20.956104 , -89.5829283
20.9365645 , -89.5698447
20.9339485 , -89.6722153
21.0111317 , -89.5728629
ZERO_RESULTS
20.932461 , -89.6086881
20.932461 , -89.6086881
21.0047618 , -89.5635864
ZERO_RESULTS
20.9920977 , -89.6230431
38.8964068 , -6.3304733
20.8832256 , -89.8882108
21.2801659 , -88.9293296
ZERO_RESULTS
ZERO_RESULTS
21.246455 , -89.0426198
ZERO_RESULTS
20.983139 , -89.227311
20.8821948 , -89.7475521
21.1056165 , -89.4525055
21.2253345 , -89.1845981
ZERO_RESULTS
ZERO_RESULTS
ZERO_RESULTS
ZERO_RESULTS
ZERO_RESULTS
21.0055797 , -89.6512997
21.0051704 , -89.6523002
21.004108 , -89.6531646
21.0114758 , -89.6498926
ZERO_RESULTS
ZERO_RESULTS
ZERO_RESULTS
ZERO_RESULTS
ZERO_RESULTS
ZERO_RESULTS
ZERO_RESULTS
ZERO_RESULTS
20.9888276 , -89.6178195
ZERO_RESULTS
ZERO_RESULTS
ZERO_RESULTS
ZERO_RESULTS
20.9654825 , -89.9375662
20.068202 , -89.0456901
20.7675355 , -88.3917886
ZERO_RESULTS
21.0617572 , -89.4205031
21.0617572 , -89.4205031
21.2890901 , -89.6325588
ZERO_RESULTS
20.8929832 , -89.7317033
21.0226673 , -89.6284158
20.9864875 , -89.6330537
20.9864875 , -89.6330537
ZERO_RESULTS
21.0051625 , -88.3071492
20.9882923 , -89.6740418
20.9848376 , -89.5748879
20.9637752 , -89.6783203
21.1428173 , -88.1325844
21.1428173 , -88.1325844
21.1428173 , -88.1325844
20.8040237 , -89.4552209
ZERO_RESULTS
ZERO_RESULTS
20.8833404 , -89.7502544
20.8833404 , -89.7502544
ZERO_RESULTS
20.9882923 , -89.6740418
ZERO_RESULTS
ZERO_RESULTS
ZERO_RESULTS
ZERO_RESULTS
20.7493969 , -89.8302238
ZERO_RESULTS
21.2462423 , -89.033611
ZERO_RESULTS
ZERO_RESULTS
20.9335052 , -89.1243107
ZERO_RESULTS
ZERO_RESULTS
20.3900574 , -89.3941745
ZERO_RESULTS
ZERO_RESULTS
21.0089832 , -89.6576274
ZERO_RESULTS
20.8218546 , -89.6565649
20.97 , -89.62
20.97 , -89.62
20.97 , -89.62
20.5475198 , -89.8500283
ZERO_RESULTS
20.8798777 , -89.746203
20.645795 , -89.903595
ZERO_RESULTS
21.0081218 , -89.6441007
21.0081218 , -89.6441007
20.996237 , -89.5942216
ZERO_RESULTS
20.9875741 , -89.637056
20.9875741 , -89.637056
ZERO_RESULTS
ZERO_RESULTS
ZERO_RESULTS
ZERO_RESULTS
20.8206298 , -89.457132
ZERO_RESULTS
ZERO_RESULTS
ZERO_RESULTS
20.9296735 , -89.5672175
ZERO_RESULTS
ZERO_RESULTS
ZERO_RESULTS
ZERO_RESULTS
ZERO_RESULTS
ZERO_RESULTS
20.9665541 , -89.5961357
20.9877404 , -89.637897
20.994858 , -89.596928
ZERO_RESULTS
20.0763894 , -89.0466065
21.0267877 , -89.5791137
ZERO_RESULTS
21.2676831 , -89.7381436
20.9998101 , -89.5895764
20.9998466 , -89.5895241
20.9998466 , -89.5895241
21.0718897 , -89.511269
20.5947583 , -89.0048651
20.0763245 , -89.0461957
ZERO_RESULTS
ZERO_RESULTS
20.8405838 , -88.5275098
21.0085616 , -89.6949986
ZERO_RESULTS
ZERO_RESULTS
ZERO_RESULTS
ZERO_RESULTS
ZERO_RESULTS
20.9467178 , -89.5970802
ZERO_RESULTS
ZERO_RESULTS
20.7484703 , -89.4754877
20.9785579 , -89.4460196
21.0147763 , -89.7105256
21.1588689 , -89.1034414
ZERO_RESULTS
21.0072718 , -89.6374954
21.0205997 , -88.3051744
21.2844302 , -89.6618959
20.8922543 , -89.7330139
20.4037045 , -89.533939
ZERO_RESULTS
21.2869105 , -89.6605695
21.2869105 , -89.6605695
ZERO_RESULTS
21.110914 , -89.2764885
21.0126719 , -89.8734418
ZERO_RESULTS
20.9257331 , -89.0147516
20.3970298 , -89.532789
ZERO_RESULTS
21.032716 , -89.637858
21.0965721 , -89.2812541
21.0965721 , -89.2812541
21.0220706 , -89.6371345
21.0220706 , -89.6371345
21.2254538 , -89.1851141
ZERO_RESULTS
ZERO_RESULTS
21.0053322 , -89.3957033
21.0053322 , -89.3957033
ZERO_RESULTS
ZERO_RESULTS
ZERO_RESULTS
ZERO_RESULTS
ZERO_RESULTS
20.9509537 , -89.5562008
ZERO_RESULTS
20.5815014 , -90.0083441
ZERO_RESULTS
21.0124186 , -89.7026694
20.9311377 , -89.6687036
21.0017796 , -89.6560815
20.97 , -89.62
21.0475563 , -89.6145918
ZERO_RESULTS
ZERO_RESULTS
20.5474404 , -88.8264977
ZERO_RESULTS
ZERO_RESULTS
21.0098173 , -89.6601218
21.0098173 , -89.6601218
20.9523844 , -89.5798232
ZERO_RESULTS
ZERO_RESULTS
20.9324486 , -89.5584047
20.4005146 , -89.5232769
20.7006481 , -88.198801
20.705314 , -88.1850986
ZERO_RESULTS
ZERO_RESULTS
ZERO_RESULTS
20.97094 , -89.674234
21.0106911 , -88.3059719
20.3975632 , -89.5318519
20.9383867 , -89.6009889
20.3962476 , -89.5405719
ZERO_RESULTS
ZERO_RESULTS
21.2916983 , -89.6067412
20.973626 , -89.5751223
20.9706598 , -89.5983538
21.2817192 , -88.9272134
ZERO_RESULTS
ZERO_RESULTS
20.8408004 , -88.5364039
21.0397211 , -89.5557584
ZERO_RESULTS
20.472265 , -89.0838895
20.4567375 , -89.4572148
20.6611515 , -87.9415923
20.8173969 , -89.2497431
21.0151879 , -89.8750499
ZERO_RESULTS
20.9232483 , -89.017939
ZERO_RESULTS
ZERO_RESULTS
21.1002409 , -89.2775271
ZERO_RESULTS
21.1076833 , -89.2820779
21.1076833 , -89.2820779
21.0329819 , -89.332248
21.1405391 , -86.8676975
20.4974133 , -89.5894138
ZERO_RESULTS
ZERO_RESULTS
20.7420348 , -89.4726018
20.6928578 , -88.1915562
20.6928578 , -88.1915562
ZERO_RESULTS
21.0240316 , -89.8721095
ZERO_RESULTS
20.9915277 , -89.5749887
20.9915277 , -89.5749887
ZERO_RESULTS
ZERO_RESULTS
20.988722 , -89.584374
ZERO_RESULTS
20.988722 , -89.584374
20.8772998 , -89.7537289
ZERO_RESULTS
20.9955717 , -89.614302
20.9959911 , -89.6143228
ZERO_RESULTS
20.7726904 , -89.2142237
20.7726904 , -89.2142237
20.9858068 , -89.6751262
ZERO_RESULTS
ZERO_RESULTS
21.0210349 , -89.8690617
21.0216897 , -89.8691468
20.4855818 , -89.713662
ZERO_RESULTS
20.9681013 , -89.6553049
ZERO_RESULTS
ZERO_RESULTS
ZERO_RESULTS
ZERO_RESULTS
20.976652 , -89.64914
20.9257331 , -89.0147516
20.9955717 , -89.614302
21.0192588 , -89.6376959
21.0187544 , -89.6382384
21.0192588 , -89.6376959
ZERO_RESULTS
ZERO_RESULTS
ZERO_RESULTS
ZERO_RESULTS
ZERO_RESULTS
ZERO_RESULTS
ZERO_RESULTS
20.8627013 , -89.1998771
21.0018544 , -89.5683859
21.0070956 , -89.5738449
ZERO_RESULTS
21.2854737 , -89.664134
21.2854737 , -89.664134
ZERO_RESULTS
ZERO_RESULTS
ZERO_RESULTS
ZERO_RESULTS
ZERO_RESULTS
20.3935235 , -89.546447
ZERO_RESULTS
20.8750847 , -89.7346185
ZERO_RESULTS
20.876496 , -89.7424147
20.876527 , -89.742399
ZERO_RESULTS
20.6992691 , -88.1973684
21.0082461 , -89.660089
ZERO_RESULTS
ZERO_RESULTS
20.988564 , -89.614382
ZERO_RESULTS
ZERO_RESULTS
ZERO_RESULTS
21.2911837 , -89.6305096
20.993776 , -89.594773
21.0007198 , -89.617448
ZERO_RESULTS
21.2911837 , -89.6305096
20.6909133 , -88.1817077
20.6992691 , -88.1973684
ZERO_RESULTS
21.0020798 , -89.5667937
ZERO_RESULTS
21.0978686 , -89.296298
21.0978686 , -89.296298
ZERO_RESULTS
21.0978686 , -89.296298
21.0978686 , -89.296298
21.006593 , -89.646305
21.006593 , -89.646305
21.006593 , -89.646305
21.2865407 , -89.6505175
20.9669192 , -89.6316162
ZERO_RESULTS
ZERO_RESULTS
20.915904 , -89.6961171
20.915904 , -89.6961171
21.1593879 , -89.1067617
ZERO_RESULTS
ZERO_RESULTS
20.9325228 , -89.6675821
20.9476833 , -89.5865833
21.2995006 , -88.2757151
ZERO_RESULTS
ZERO_RESULTS
ZERO_RESULTS
20.2974348 , -89.3992817
ZERO_RESULTS
20.886543 , -89.758063
ZERO_RESULTS
20.9326127 , -89.6670583
20.9855466 , -89.6166728
ZERO_RESULTS
38.8984713 , -6.3318918
21.2448247 , -89.0496385
ZERO_RESULTS
ZERO_RESULTS
ZERO_RESULTS
ZERO_RESULTS
ZERO_RESULTS
ZERO_RESULTS
ZERO_RESULTS
ZERO_RESULTS
ZERO_RESULTS
ZERO_RESULTS
21.0070956 , -89.5738449
ZERO_RESULTS
20.1165841 , -88.9216995
21.002922 , -89.6492592
ZERO_RESULTS
20.944887 , -89.598552
20.944887 , -89.598552
ZERO_RESULTS
21.1967866 , -88.7902346
21.1967866 , -88.7902346
20.4550536 , -89.4534677
ZERO_RESULTS
ZERO_RESULTS
20.9266144 , -89.5623745
20.9271986 , -89.5621887
21.0035765 , -89.5734933
21.2946921 , -88.2706338
20.3699523 , -101.0607194
21.1524715 , -88.3147155
21.1565866 , -88.1650933
21.1563534 , -88.156856
ZERO_RESULTS
20.932757 , -89.5655773
20.9854061 , -89.6042118
ZERO_RESULTS
20.9476833 , -89.5865833
21.0049053 , -89.6515921
20.9522512 , -89.5692936
ZERO_RESULTS
ZERO_RESULTS
21.022475 , -89.629383
21.022475 , -89.629383
21.000205 , -89.6173593
20.9271772 , -89.562872
21.0174364 , -89.87726
20.6976107 , -88.2163543
ZERO_RESULTS
20.3933276 , -89.5378232
21.2850547 , -89.6531291
ZERO_RESULTS
21.0451415 , -89.6399279
21.0947005 , -89.2854984
20.9382699 , -89.6010307
ZERO_RESULTS
21.1554096 , -88.1451007
21.1554096 , -88.1451007
20.9983952 , -89.6071292
20.9713052 , -89.5695899
20.9713052 , -89.5695899
41.8383062 , -87.7173622
20.9149605 , -89.6985864
20.9149605 , -89.6985864
ZERO_RESULTS
ZERO_RESULTS
20.9993772 , -89.6433306
ZERO_RESULTS
ZERO_RESULTS
21.027048 , -89.630735
21.027048 , -89.630735
20.9447172 , -89.6020655
20.9296735 , -89.5672175
20.9296735 , -89.5672175
20.7847743 , -89.1796035
20.9774904 , -89.5697629
8.6016863 , -71.14578
21.1057793 , -89.2861786
21.2844977 , -89.6493909
ZERO_RESULTS
ZERO_RESULTS
21.110508 , -89.4074072
21.0107614 , -89.6119793
ZERO_RESULTS
20.8375577 , -89.3715175
20.8117483 , -89.4592978
21.0049102 , -89.8799016
ZERO_RESULTS
ZERO_RESULTS
ZERO_RESULTS
20.934548 , -89.018234
21.0918796 , -89.2866977
ZERO_RESULTS
21.0137296 , -89.6112341
20.9634245 , -89.6039896
20.9634245 , -89.6039896
20.9402943 , -89.5639656
20.8373714 , -88.5259821
21.0415111 , -89.3320844
20.3180992 , -89.4106154
ZERO_RESULTS
ZERO_RESULTS
ZERO_RESULTS
ZERO_RESULTS
20.9897432 , -89.5664148
20.1292168 , -88.932078
18.8352029 , -99.2482169
20.990827 , -89.592187
20.9911353 , -89.5930786
20.9858552 , -89.6029397
20.9865309 , -89.5985362
20.9978031 , -89.6200941
20.9978031 , -89.6200941
21.2831485 , -89.6659712
21.2831485 , -89.6659712
21.0216834 , -89.8887143
20.9708131 , -89.6573504
20.9702994 , -89.6574497
21.0225322 , -89.5946464
20.9692018 , -89.6575074
ZERO_RESULTS
ZERO_RESULTS
20.9845252 , -89.6410388
20.9335489 , -89.0032825
20.9335489 , -89.0032825
21.0402743 , -89.6282799
21.0014841 , -89.5744967
ZERO_RESULTS
21.0042515 , -89.6991001
21.0049388 , -89.7008491
21.0049388 , -89.7008491
21.0049388 , -89.7008491
21.0056886 , -89.7087489
21.007498 , -89.7127012
ZERO_RESULTS
21.2834305 , -89.6544003
21.2834305 , -89.6544003
ZERO_RESULTS
ZERO_RESULTS
21.3907064 , -88.9006051
20.9745157 , -89.6036308
ZERO_RESULTS
ZERO_RESULTS
21.1438134 , -88.1517541
21.1379659 , -88.1408821
21.1382777 , -88.1526627
19.9400592 , -88.8696522
ZERO_RESULTS
20.6550679 , -87.946018
ZERO_RESULTS
ZERO_RESULTS
21.0023233 , -89.6165678
ZERO_RESULTS
ZERO_RESULTS
ZERO_RESULTS
ZERO_RESULTS
ZERO_RESULTS
20.9996389 , -89.6367591
20.9714062 , -89.6568584
ZERO_RESULTS
ZERO_RESULTS
20.4759086 , -89.3685597
20.9818064 , -89.6803542
20.9848441 , -89.6397223
20.9848441 , -89.6397223
21.0095964 , -89.6442375
ZERO_RESULTS
21.1469697 , -88.140106
ZERO_RESULTS
20.9762235 , -89.604065
20.9707696 , -89.6838366
20.9670402 , -89.6850064
ZERO_RESULTS
21.1005279 , -89.6638733
20.2998375 , -89.4044707
ZERO_RESULTS
20.1945143 , -89.3412426
ZERO_RESULTS
ZERO_RESULTS
ZERO_RESULTS
21.0042783 , -89.630061
ZERO_RESULTS
21.2777193 , -89.6934909
ZERO_RESULTS
ZERO_RESULTS
ZERO_RESULTS
ZERO_RESULTS
ZERO_RESULTS
ZERO_RESULTS
21.2811034 , -89.6719799
ZERO_RESULTS
20.3912217 , -89.5274673
21.0151018 , -89.8781348
ZERO_RESULTS
20.9885708 , -89.5743331
20.9891258 , -89.5757684
ZERO_RESULTS
ZERO_RESULTS
21.0254424 , -89.5953899
21.0254424 , -89.5953899
21.0254424 , -89.5953899
ZERO_RESULTS
ZERO_RESULTS
ZERO_RESULTS
20.4699281 , -90.0801514
21.0181394 , -89.8753354
20.9399244 , -89.6069286
21.0318506 , -89.6188648
20.967988 , -89.685803
20.9527524 , -89.6896902
20.9530849 , -89.6898314
38.9096707 , -6.3511239
ZERO_RESULTS
20.1262672 , -88.9228321
ZERO_RESULTS
ZERO_RESULTS
ZERO_RESULTS
20.9677981 , -89.5691631
20.6898472 , -88.2019846
20.1344828 , -88.9243786
ZERO_RESULTS
20.9514577 , -89.6895105
20.9517405 , -89.6888655
21.2715092 , -88.9297074
20.9289891 , -89.5744055
20.9758152 , -89.5665379
20.9676033 , -89.6577433
21.0389737 , -89.6199272
ZERO_RESULTS
21.279952 , -89.67447
21.283586 , -89.6440733
20.0719367 , -89.046912
20.987873 , -89.5766603
ZERO_RESULTS
20.9681471 , -89.6583834
21.0034135 , -89.6346555
38.9112984 , -6.3340496
20.9857376 , -89.5854836
21.0400779 , -89.6224332
21.0400779 , -89.6224332
20.9372924 , -89.0165331
20.9816962 , -89.598195
21.1519017 , -88.1451588
ZERO_RESULTS
ZERO_RESULTS
ZERO_RESULTS
21.3902778 , -88.9019586
21.0213702 , -89.6094275
ZERO_RESULTS
ZERO_RESULTS
ZERO_RESULTS
20.6881368 , -88.1979356
20.4847898 , -89.7204671
20.9999407 , -89.6422328
20.9999271 , -89.6424407
21.0972398 , -89.2925766
20.934548 , -89.018234
20.9560349 , -89.6102599
20.3047279 , -89.4209385
ZERO_RESULTS
ZERO_RESULTS
21.2897542 , -88.2691491
21.2901684 , -88.2719863
18.0969609 , -96.1546881
ZERO_RESULTS
20.3811803 , -89.5332205
21.028121 , -89.6053342
21.028121 , -89.6053342
ZERO_RESULTS
20.9680926 , -89.6752295
20.9680926 , -89.6752295
21.0146977 , -89.8896529
20.9740176 , -89.5783753
20.9335262 , -89.566786
20.9339913 , -89.5662406
21.0902707 , -89.2917979
32.4809979 , -116.95425
20.9819681 , -89.6122323
20.9824776 , -89.6228096
20.9824776 , -89.6228096
20.9827291 , -89.6244623
ZERO_RESULTS
21.1303019 , -88.1446216
21.0183157 , -89.6460138
20.933864 , -89.0224006
20.933864 , -89.0224006
20.9614628 , -89.6102409
ZERO_RESULTS
ZERO_RESULTS
ZERO_RESULTS
21.0039559 , -89.6204047
20.9862029 , -89.6062903
20.9475744 , -89.6273724
20.9737582 , -89.5734537
20.972263 , -89.6027374
20.841508 , -88.5332323
21.0390326 , -89.6223138
20.9748823 , -89.5641199
21.0389737 , -89.6199272
20.989084 , -89.5865268
ZERO_RESULTS
21.0378531 , -89.6163482
20.9363737 , -89.5985621
21.042846 , -89.6451362
20.9344051 , -89.5983639
32.510466 , -116.921714
20.6968268 , -88.1845757
ZERO_RESULTS
20.9797043 , -89.6151371
21.1567255 , -88.1664802
20.9825627 , -89.6276251
20.9825627 , -89.6276251
20.9644876 , -89.6557744
21.0049763 , -89.715942
21.0049763 , -89.715942
ZERO_RESULTS
20.8057614 , -88.1952955
20.695957 , -88.58536
ZERO_RESULTS
ZERO_RESULTS
20.9507917 , -89.5737819
ZERO_RESULTS
ZERO_RESULTS
ZERO_RESULTS
21.0166625 , -89.6472137
21.059832 , -89.61595
21.059832 , -89.61595
ZERO_RESULTS
20.3093745 , -89.408305
20.6843356 , -88.2012114
20.6989837 , -88.2022685
20.6724076 , -88.2001448
20.6872096 , -88.2008938
20.68026 , -88.2005873
20.6989837 , -88.2022685
20.6843444 , -88.1894445
20.6843444 , -88.1894445
20.6843356 , -88.2012114
21.020654 , -89.646533
21.020654 , -89.646533
21.020654 , -89.646533
21.0054824 , -89.5815023
ZERO_RESULTS
20.9743933 , -89.575161
20.9425714 , -89.6104064
ZERO_RESULTS
21.0106354 , -89.8848739
21.0253331 , -89.6071774
20.9774438 , -89.5833443
20.9781014 , -89.6053544
20.9781014 , -89.6053544
ZERO_RESULTS
20.2026285 , -89.2728924
ZERO_RESULTS
ZERO_RESULTS
20.6909133 , -88.1817077
20.6867177 , -88.2088536
20.6867177 , -88.2088536
21.0395337 , -89.6452232
8.5467128 , -71.2389708
21.0109374 , -89.8876792
20.9670375 , -89.6733097
20.966896 , -89.6735286
20.9776729 , -89.6024728
20.9776729 , -89.6024728
20.9792166 , -89.6203691
ZERO_RESULTS
ZERO_RESULTS
ZERO_RESULTS
21.0108036 , -89.8849419
21.0418253 , -89.6486628
21.0418253 , -89.6486628
20.9290202 , -89.6081774
20.988404 , -89.5792168
20.9494074 , -89.6947552
20.94955 , -89.694653
20.1272071 , -88.9288377
ZERO_RESULTS
20.6807785 , -88.2038691
20.9946855 , -89.6426722
20.9946855 , -89.6426722
20.6886657 , -88.2026377
21.1412985 , -88.1461707
21.1412985 , -88.1461707
21.1394796 , -88.1462249
20.9571432 , -89.6139656
20.9505754 , -89.6145385
20.9337827 , -89.6094941
ZERO_RESULTS
ZERO_RESULTS
ZERO_RESULTS
ZERO_RESULTS
21.037469 , -89.6461941
20.3101 , -89.4183784
20.3101 , -89.4183784
ZERO_RESULTS
21.0015293 , -89.6375035
21.0015293 , -89.6375035
20.9763725 , -89.6098542
ZERO_RESULTS
21.0038999 , -89.5851041
20.3020035 , -89.414865
20.6807785 , -88.2038691
ZERO_RESULTS
20.2092488 , -89.2804957
21.1519205 , -88.1448987
20.9379207 , -89.5886902
20.9990768 , -89.5765533
20.9990768 , -89.5765533
21.0017796 , -89.6560815
ZERO_RESULTS
ZERO_RESULTS
20.1187438 , -88.9227752
20.9196817 , -89.6738329
20.3075178 , -89.4212525
ZERO_RESULTS
21.0220399 , -89.6150082
ZERO_RESULTS
ZERO_RESULTS
20.2083311 , -89.2879369
20.9755663 , -89.5897032
20.9746952 , -89.6061162
21.1507701 , -88.1610801
20.9715917 , -89.5808978
20.9935221 , -89.569551
20.9680274 , -89.6849654
ZERO_RESULTS
18.8099607 , -99.2154098
ZERO_RESULTS
ZERO_RESULTS
21.0201057 , -89.6495147
20.9288851 , -89.6130312
ZERO_RESULTS
20.9233219 , -89.6150349
ZERO_RESULTS
20.9230037 , -89.6144529
ZERO_RESULTS
20.9271819 , -89.6151244
20.9677415 , -89.5763491
20.9677415 , -89.5763491
21.1000219 , -89.29972
21.0296793 , -89.6447783
21.0296793 , -89.6447783
ZERO_RESULTS
20.9830311 , -89.5847551
18.8276753 , -99.2400728
ZERO_RESULTS
ZERO_RESULTS
21.1286926 , -88.1518078
20.9413812 , -89.6133984
20.9413812 , -89.6133984
20.9694971 , -89.5792524
ZERO_RESULTS
ZERO_RESULTS
20.9830658 , -89.588932
ZERO_RESULTS
ZERO_RESULTS
20.3087056 , -89.4258537
20.3086249 , -89.4257713
ZERO_RESULTS
20.9745791 , -89.5896934
20.9739677 , -89.6073052
21.0227197 , -89.6074958
20.9231703 , -89.6100161
20.9957732 , -89.5802874
21.0979058 , -89.3003817
20.9937659 , -87.5620158
ZERO_RESULTS
20.9983785 , -89.5860379
21.0296793 , -89.6447783
20.9547173 , -89.6180376
20.9547173 , -89.6180376
21.0370961 , -89.6260754
20.9375359 , -89.5921426
19.7078582 , -101.1900793
ZERO_RESULTS
ZERO_RESULTS
ZERO_RESULTS
ZERO_RESULTS
21.0342772 , -89.6475709
21.0348396 , -89.6510991
20.6785462 , -88.1821657
20.6802165 , -88.1886389
21.0365492 , -89.6259317
21.0365492 , -89.6259317
ZERO_RESULTS
ZERO_RESULTS
ZERO_RESULTS
ZERO_RESULTS
ZERO_RESULTS
ZERO_RESULTS
ZERO_RESULTS
21.0152504 , -89.5922808
21.0109998 , -89.6210461
18.8157912 , -99.2121828
21.031713 , -89.6335522
ZERO_RESULTS
21.031713 , -89.6335522
ZERO_RESULTS
20.9996546 , -89.6545375
ZERO_RESULTS
ZERO_RESULTS
ZERO_RESULTS
20.97495 , -89.670662
20.9749816 , -89.6708125
20.9749816 , -89.6708125
20.9749816 , -89.6708125
ZERO_RESULTS
ZERO_RESULTS
21.0008969 , -89.6572616
ZERO_RESULTS
ZERO_RESULTS
ZERO_RESULTS
ZERO_RESULTS
ZERO_RESULTS
ZERO_RESULTS
ZERO_RESULTS
20.938118 , -89.5919615
20.9670372 , -89.6677031
20.9921428 , -87.5642318
38.9292994 , -6.3266555
21.0402871 , -89.6425924
21.0399874 , -89.6427695
20.2102743 , -89.2845422
21.0327249 , -89.6459467
20.9908679 , -89.6470531
20.9908679 , -89.6470531
21.1554739 , -88.1516812
21.1554739 , -88.1516812
21.1438134 , -88.1517541
20.9776729 , -89.6139224
20.9733685 , -89.6147819
20.9733685 , -89.6147819
20.9733685 , -89.6147819
20.3114884 , -89.4154897
20.3010922 , -89.4186014
20.9317418 , -89.5851873
ZERO_RESULTS
ZERO_RESULTS
ZERO_RESULTS
20.9360688 , -89.6199003
20.9714715 , -89.5904826
ZERO_RESULTS
20.2031298 , -89.2852844
ZERO_RESULTS
21.0310754 , -89.6445161
ZERO_RESULTS
21.1461366 , -88.1576543
21.1461738 , -88.1579556
21.1461738 , -88.1579556
28.4189421 , -106.8722206
ZERO_RESULTS
20.9712433 , -89.5809159
20.9712433 , -89.5809159
20.97 , -89.62
21.0201809 , -89.6563128
20.8194688 , -89.5607335
ZERO_RESULTS
21.1238244 , -88.159551
20.3066173 , -89.4183844
20.3066173 , -89.4183844
20.3066173 , -89.4183844
21.1440403 , -88.1528827
20.9785479 , -89.615338
20.9585165 , -89.61977
20.9585165 , -89.61977
20.9585031 , -89.619777
20.9311921 , -89.6231012
ZERO_RESULTS
20.1971271 , -89.2752567
ZERO_RESULTS
ZERO_RESULTS
20.95957 , -89.5643066
20.9637985 , -89.6772719
21.0298733 , -89.6443568
21.0294482 , -89.6440346
21.0308276 , -89.6487611
21.0314556 , -89.6500032
21.0308276 , -89.6487611
ZERO_RESULTS
21.0299322 , -89.6432942
21.028207 , -89.6441091
21.028207 , -89.6441091
20.2119444 , -89.2763888
ZERO_RESULTS
ZERO_RESULTS
20.6817312 , -88.2041742
20.972848 , -89.628797
21.0304314 , -89.6445053
20.9709917 , -89.6059736
20.970953 , -89.6060716
20.9715532 , -89.6186884
20.9711053 , -89.6306354
20.9943302 , -89.6647831
ZERO_RESULTS
ZERO_RESULTS
ZERO_RESULTS
20.3053415 , -89.4199882
20.6890364 , -88.212076
ZERO_RESULTS
20.937686 , -89.5932356
20.9688452 , -89.6186337
20.9688452 , -89.6186337
20.9688452 , -89.6186337
20.959051 , -89.6207651
20.9475034 , -89.6231741
20.9693993 , -89.5762941
20.969368 , -89.5761319
ZERO_RESULTS
20.2033395 , -89.2892601
20.202486 , -89.2878031
20.2077397 , -89.2986715
20.2077397 , -89.2986715
21.0293387 , -89.6537675
20.9693752 , -89.5796284
20.9698626 , -89.6169212
20.9699891 , -89.58618
20.9699891 , -89.58618
20.9241375 , -89.5776073
20.9140945 , -89.6250828
20.3064743 , -89.4206218
20.9878187 , -89.6160655
20.987116 , -89.615453
20.987116 , -89.615453
20.9899117 , -89.6173936
ZERO_RESULTS
21.2098021 , -89.6594745
ZERO_RESULTS
21.2091544 , -89.659388
ZERO_RESULTS
21.2873656 , -89.6556825
20.9683536 , -89.593597
32.4712321 , -116.9489511
20.9665541 , -89.5961357
18.8601537 , -99.2430583
20.9656822 , -89.5870162
ZERO_RESULTS
21.0233828 , -89.6453532
ZERO_RESULTS
ZERO_RESULTS
ZERO_RESULTS
20.9685324 , -89.6140515
ZERO_RESULTS
20.9686981 , -89.6158795
20.9686981 , -89.6158795
20.9526588 , -89.5992062
20.9526588 , -89.5992062
20.9954277 , -89.6907064
ZERO_RESULTS
20.2969923 , -89.4129419
20.9674714 , -89.665891
ZERO_RESULTS
ZERO_RESULTS
21.0337416 , -89.6510948
20.9899117 , -89.6173936
20.9899117 , -89.6173936
ZERO_RESULTS
21.021727 , -89.655921
20.9656029 , -89.6222309
20.958058 , -89.62487
20.9698263 , -89.5554003
20.9299919 , -89.5884096
ZERO_RESULTS
20.9695389 , -89.6299731
ZERO_RESULTS
ZERO_RESULTS
ZERO_RESULTS
21.1391509 , -88.151255
21.1391509 , -88.151255
20.9701886 , -89.6323627
20.9697357 , -89.6299181
20.9705853 , -89.6354862
20.9949375 , -89.6929646
21.069449 , -89.6480227
20.9963572 , -89.7018441
ZERO_RESULTS
20.9656085 , -89.5888257
20.9656085 , -89.5888257
21.0695723 , -89.6621216
21.030813 , -89.590287
ZERO_RESULTS
20.9908482 , -89.6245395
20.995582 , -89.6012581
ZERO_RESULTS
ZERO_RESULTS
ZERO_RESULTS
20.9727097 , -89.6223694
20.9794751 , -89.6208338
20.97 , -89.62
21.0266345 , -89.6278128
20.9345677 , -89.6155174
20.9803246 , -89.6197857
20.9803246 , -89.6197857
20.9794488 , -89.6208242
20.9656029 , -89.6222309
ZERO_RESULTS
20.958058 , -89.62487
20.958058 , -89.62487
20.9475744 , -89.6273724
20.9470231 , -89.627684
20.9470231 , -89.627684
20.9470231 , -89.627684
20.9401618 , -89.6287121
20.9376293 , -89.6285998
20.9376293 , -89.6285998
20.9372234 , -89.6287915
20.9890464 , -89.6911162
ZERO_RESULTS
ZERO_RESULTS
20.9676746 , -89.561722
ZERO_RESULTS
ZERO_RESULTS
34.4139629 , -119.848947
ZERO_RESULTS
21.0639407 , -89.6456373
21.0632336 , -89.6468966
20.1971535 , -89.2839303
21.0344999 , -89.6244122
8.5819424 , -71.1733144
20.9646646 , -89.5962155
20.9847589 , -89.6604045
21.1356375 , -88.1377479
20.9646824 , -89.5983024
20.9646824 , -89.5983024
20.9646925 , -89.6046326
20.9647991 , -89.6052183
20.9647073 , -89.6061058
ZERO_RESULTS
20.9695493 , -89.6376178
ZERO_RESULTS
20.9835464 , -89.6539448
21.2808269 , -89.6538609
ZERO_RESULTS
20.7053152 , -88.1853381
20.977143 , -89.622866
20.9613785 , -89.6254757
20.9620911 , -89.6253139
20.9592742 , -89.625922
20.9575175 , -89.6279098
20.9545249 , -89.6271843
20.9629831 , -89.6650986
21.1375672 , -88.1644653
21.1375672 , -88.1644653
20.9634466 , -89.5860606
20.9677415 , -89.5763491
ZERO_RESULTS
20.967473 , -89.5810369
20.9669548 , -89.6268534
20.9672691 , -89.6288194
20.8953007 , -89.6404342
18.8814194 , -99.1509477
ZERO_RESULTS
ZERO_RESULTS
ZERO_RESULTS
20.9164985 , -89.6252542
ZERO_RESULTS
ZERO_RESULTS
19.4143818 , -99.0638006
20.9448923 , -89.6324237
ZERO_RESULTS
ZERO_RESULTS
20.9163159 , -89.6355589
20.9779943 , -89.6247637
20.969793 , -89.6254872
20.969793 , -89.6254872
20.9610152 , -89.6268197
20.9572659 , -89.6266174
20.9370508 , -89.6327368
20.9368204 , -89.6327546
20.9368204 , -89.6327546
38.9133498 , -6.6208936
20.9638353 , -89.648884
20.9638353 , -89.648884
20.9597483 , -89.671821
ZERO_RESULTS
20.9608096 , -89.6691431
20.9629236 , -89.5419081
20.9635155 , -89.5459824
ZERO_RESULTS
21.0164953 , -89.6264618
ZERO_RESULTS
ZERO_RESULTS
20.9610397 , -89.6065301
20.9658801 , -89.6265805
20.9621668 , -89.6103702
ZERO_RESULTS
20.9636215 , -89.6165873
20.9670167 , -89.632394
20.9670248 , -89.6322585
20.9641763 , -89.652804
ZERO_RESULTS
20.9253023 , -89.5876673
18.83785 , -99.1834483
21.2873656 , -89.6556825
20.969793 , -89.6254872
20.959891 , -89.628758
20.9598906 , -89.6287578
20.9598906 , -89.6287578
20.956652 , -89.630174
20.956652 , -89.630174
20.9431951 , -89.6412003
20.9630657 , -89.5457819
20.961938 , -89.6168952
20.9583506 , -89.6722866
20.9802431 , -89.6719292
ZERO_RESULTS
20.9788649 , -89.6584196
21.0049763 , -89.715942
21.0049763 , -89.715942
20.9602138 , -89.6108065
20.992454 , -89.6898695
20.9617069 , -89.6576069
20.2927056 , -89.422971
ZERO_RESULTS
ZERO_RESULTS
ZERO_RESULTS
20.9520553 , -89.5964923
20.9530103 , -89.5979431
20.9530103 , -89.5979431
18.8100717 , -99.2155669
ZERO_RESULTS
ZERO_RESULTS
20.9534777 , -89.5988383
20.9534777 , -89.5988383
20.9502663 , -89.5930666
20.9464411 , -89.5867025
20.9580333 , -89.6081422
20.9593474 , -89.6118004
20.9613294 , -89.6188832
ZERO_RESULTS
ZERO_RESULTS
ZERO_RESULTS
ZERO_RESULTS
ZERO_RESULTS
ZERO_RESULTS
21.0304811 , -89.6386829
21.0248812 , -89.5741738
21.0041031 , -89.5895404
ZERO_RESULTS
ZERO_RESULTS
ZERO_RESULTS
ZERO_RESULTS
19.4437671 , -96.4023577
21.1472581 , -88.1662693
21.0047598 , -89.6926295
21.0047598 , -89.6926295
20.9545784 , -89.6042129
20.9728187 , -89.6599976
20.9438352 , -89.5827535
20.9770962 , -89.628153
20.9845839 , -89.6252334
20.9719269 , -89.6297639
ZERO_RESULTS
20.9693642 , -89.6306873
20.9693642 , -89.6306873
ZERO_RESULTS
20.9584805 , -89.6331953
20.9591537 , -89.632889
20.9386162 , -89.5783574
21.0321144 , -89.6154805
20.95762 , -89.613985
20.9563809 , -89.6137511
20.9377003 , -89.5787996
20.9555045 , -89.6599498
ZERO_RESULTS
21.2849603 , -89.6600384
21.2849603 , -89.6600384
21.2849603 , -89.6600384
ZERO_RESULTS
ZERO_RESULTS
20.9614897 , -89.6336927
20.9614897 , -89.6336927
20.9614897 , -89.6336927
20.959573 , -89.633908
20.9601838 , -89.6388294
20.9532653 , -89.6817177
ZERO_RESULTS
20.9985282 , -89.6645036
20.9594777 , -89.6334613
20.959573 , -89.633908
20.959573 , -89.633908
20.959701 , -89.6346657
21.0006623 , -89.6621167
21.0006623 , -89.6621167
20.9219718 , -89.5785186
20.9219718 , -89.5785186
20.9516609 , -89.6096071
20.951989 , -89.6070704
20.951989 , -89.6070704
26.054407 , -98.2944953
32.4622161 , -116.9507269
ZERO_RESULTS
20.6809946 , -88.2008432
ZERO_RESULTS
20.9563133 , -89.6462491
ZERO_RESULTS
21.283257 , -89.670834
ZERO_RESULTS
ZERO_RESULTS
ZERO_RESULTS
ZERO_RESULTS
ZERO_RESULTS
21.0200343 , -89.6231929
21.0244981 , -89.5722402
38.93087 , -6.39137
ZERO_RESULTS
ZERO_RESULTS
20.9545791 , -89.5799952
20.9544949 , -89.579968
ZERO_RESULTS
ZERO_RESULTS
ZERO_RESULTS
ZERO_RESULTS
ZERO_RESULTS
ZERO_RESULTS
ZERO_RESULTS
20.9717656 , -89.6355513
20.925071 , -89.5975036
20.9468116 , -89.6967405
20.9468116 , -89.6967405
20.9468116 , -89.6967405
21.1266088 , -88.1586474
21.1264985 , -88.1568117
20.9466793 , -89.6939313
20.9534966 , -89.5777501
21.2837474 , -89.6561791
20.946337 , -89.6959146
20.9570507 , -89.6402621
20.9570507 , -89.6402621
20.9511136 , -89.6157638
21.2788213 , -89.6877698
ZERO_RESULTS
20.9784286 , -89.6385736
ZERO_RESULTS
20.9377003 , -89.5787996
20.9419042 , -89.5901518
20.9419042 , -89.5901518
18.849668 , -99.2336574
20.9781014 , -89.6053544
ZERO_RESULTS
20.9643249 , -89.6407256
20.93909 , -89.5867057
20.9392315 , -89.5870407
20.9501536 , -89.6214095
ZERO_RESULTS
20.8905005 , -89.6529885
20.9503078 , -89.6282346
21.2796584 , -89.6546142
ZERO_RESULTS
21.0280355 , -89.5180164
20.1370198 , -88.9221543
20.1370198 , -88.9221543
20.4099788 , -89.5349646
ZERO_RESULTS
ZERO_RESULTS
ZERO_RESULTS
ZERO_RESULTS
21.0052298 , -89.5929006
21.2528494 , -89.8162245
21.1416409 , -86.8532682
ZERO_RESULTS
ZERO_RESULTS
ZERO_RESULTS
21.0193886 , -89.6180894
20.9472994 , -89.6262496
20.9248699 , -89.6483148
21.0459941 , -89.6296833
20.9483851 , -89.6163924
20.9461251 , -89.6287286
20.9461875 , -89.6292484
20.9230777 , -89.6496552
21.283257 , -89.670834
ZERO_RESULTS
ZERO_RESULTS
20.9630067 , -89.6461483
ZERO_RESULTS
18.8262184 , -99.2235319
20.9469801 , -89.6169171
20.9448995 , -89.6246476
20.9964181 , -89.7097055
20.9964181 , -89.7097055
20.9964181 , -89.7097055
20.9964181 , -89.7097055
20.9511249 , -89.6495875
20.9479176 , -89.6444923
20.9454221 , -89.646908
20.9443997 , -89.6239679
20.9957878 , -89.6009212
20.9911353 , -89.5930786
20.9434229 , -89.6231163
ZERO_RESULTS
ZERO_RESULTS
ZERO_RESULTS
ZERO_RESULTS
ZERO_RESULTS
ZERO_RESULTS
ZERO_RESULTS
ZERO_RESULTS
ZERO_RESULTS
ZERO_RESULTS
ZERO_RESULTS
ZERO_RESULTS
20.6296289 , -89.4604935
ZERO_RESULTS
ZERO_RESULTS
ZERO_RESULTS
20.9533028 , -89.682009
21.0380238 , -89.6091485
21.0380238 , -89.6091485
ZERO_RESULTS
21.0374306 , -89.608317
ZERO_RESULTS
ZERO_RESULTS
ZERO_RESULTS
ZERO_RESULTS
ZERO_RESULTS
ZERO_RESULTS
21.0573887 , -89.6463064
21.0573887 , -89.6463064
ZERO_RESULTS
ZERO_RESULTS
ZERO_RESULTS
21.052785 , -89.636221
21.052785 , -89.636221
21.052785 , -89.636221
21.0094888 , -89.6242818
21.0094888 , -89.6242818
ZERO_RESULTS
ZERO_RESULTS
ZERO_RESULTS
ZERO_RESULTS
ZERO_RESULTS
ZERO_RESULTS
20.8107266 , -89.4435218
ZERO_RESULTS
ZERO_RESULTS
ZERO_RESULTS
ZERO_RESULTS
ZERO_RESULTS
ZERO_RESULTS
ZERO_RESULTS
ZERO_RESULTS
ZERO_RESULTS
ZERO_RESULTS
ZERO_RESULTS
ZERO_RESULTS
ZERO_RESULTS
ZERO_RESULTS
ZERO_RESULTS
ZERO_RESULTS
ZERO_RESULTS
20.941224 , -89.0190348
ZERO_RESULTS
ZERO_RESULTS
ZERO_RESULTS
ZERO_RESULTS
20.9946437 , -89.694134
21.0279674 , -89.5600754
21.0326287 , -89.5538278
ZERO_RESULTS
20.9693993 , -89.5762941
ZERO_RESULTS
ZERO_RESULTS
ZERO_RESULTS
ZERO_RESULTS
ZERO_RESULTS
ZERO_RESULTS
ZERO_RESULTS
ZERO_RESULTS
ZERO_RESULTS
ZERO_RESULTS
ZERO_RESULTS
ZERO_RESULTS
ZERO_RESULTS
ZERO_RESULTS
ZERO_RESULTS
ZERO_RESULTS
27.5140475 , -109.9108529
ZERO_RESULTS
ZERO_RESULTS
ZERO_RESULTS
ZERO_RESULTS
ZERO_RESULTS
ZERO_RESULTS
ZERO_RESULTS
ZERO_RESULTS
ZERO_RESULTS
ZERO_RESULTS
ZERO_RESULTS
ZERO_RESULTS
ZERO_RESULTS
21.1499081 , -88.1141734
ZERO_RESULTS
ZERO_RESULTS
ZERO_RESULTS
ZERO_RESULTS
ZERO_RESULTS
ZERO_RESULTS
ZERO_RESULTS
ZERO_RESULTS
ZERO_RESULTS
ZERO_RESULTS
ZERO_RESULTS
21.040405 , -89.5536141
21.040405 , -89.5536141
ZERO_RESULTS
ZERO_RESULTS
26.3322182 , -98.3434123
ZERO_RESULTS
37.7643873 , -122.4268969
32.7949129 , -96.7706465
ZERO_RESULTS
20.7323201 , -88.2369133
ZERO_RESULTS
19.7003652 , -101.2053289
ZERO_RESULTS
ZERO_RESULTS
ZERO_RESULTS
ZERO_RESULTS
ZERO_RESULTS
ZERO_RESULTS
ZERO_RESULTS
ZERO_RESULTS
ZERO_RESULTS
ZERO_RESULTS
ZERO_RESULTS
20.8750823 , -89.8059888
ZERO_RESULTS
ZERO_RESULTS
ZERO_RESULTS
ZERO_RESULTS
ZERO_RESULTS
ZERO_RESULTS
ZERO_RESULTS
ZERO_RESULTS
ZERO_RESULTS
ZERO_RESULTS
ZERO_RESULTS
ZERO_RESULTS
ZERO_RESULTS
ZERO_RESULTS
ZERO_RESULTS
ZERO_RESULTS
ZERO_RESULTS
ZERO_RESULTS
ZERO_RESULTS
ZERO_RESULTS
20.8314192 , -89.4384527
ZERO_RESULTS
ZERO_RESULTS
ZERO_RESULTS
ZERO_RESULTS
ZERO_RESULTS
ZERO_RESULTS
20.8313791 , -89.4409846
ZERO_RESULTS
20.8884366 , -89.43927
ZERO_RESULTS
ZERO_RESULTS
ZERO_RESULTS
ZERO_RESULTS
ZERO_RESULTS
ZERO_RESULTS
ZERO_RESULTS
ZERO_RESULTS
ZERO_RESULTS
ZERO_RESULTS
ZERO_RESULTS
ZERO_RESULTS
ZERO_RESULTS
ZERO_RESULTS
ZERO_RESULTS
ZERO_RESULTS
ZERO_RESULTS
ZERO_RESULTS
ZERO_RESULTS
ZERO_RESULTS
21.2470495 , -88.8240459
ZERO_RESULTS
ZERO_RESULTS
ZERO_RESULTS
ZERO_RESULTS
ZERO_RESULTS
ZERO_RESULTS
ZERO_RESULTS
ZERO_RESULTS
ZERO_RESULTS
ZERO_RESULTS
ZERO_RESULTS
ZERO_RESULTS
ZERO_RESULTS
ZERO_RESULTS
ZERO_RESULTS
ZERO_RESULTS
ZERO_RESULTS
ZERO_RESULTS
21.0833695 , -89.5285535
21.0833695 , -89.5285535
21.0833695 , -89.5285535
21.0504923 , -89.4956447
21.137852 , -86.8634368
ZERO_RESULTS
ZERO_RESULTS
ZERO_RESULTS
ZERO_RESULTS
ZERO_RESULTS
ZERO_RESULTS
ZERO_RESULTS
20.7615545 , -89.3675589
ZERO_RESULTS
ZERO_RESULTS
ZERO_RESULTS
ZERO_RESULTS
ZERO_RESULTS
ZERO_RESULTS
ZERO_RESULTS
ZERO_RESULTS
ZERO_RESULTS
ZERO_RESULTS
ZERO_RESULTS
ZERO_RESULTS
ZERO_RESULTS
ZERO_RESULTS
ZERO_RESULTS
ZERO_RESULTS
ZERO_RESULTS
ZERO_RESULTS
ZERO_RESULTS
ZERO_RESULTS
ZERO_RESULTS
ZERO_RESULTS
ZERO_RESULTS
ZERO_RESULTS
ZERO_RESULTS
ZERO_RESULTS
ZERO_RESULTS
ZERO_RESULTS
ZERO_RESULTS
ZERO_RESULTS
ZERO_RESULTS
ZERO_RESULTS
ZERO_RESULTS
ZERO_RESULTS
ZERO_RESULTS
ZERO_RESULTS
ZERO_RESULTS
ZERO_RESULTS
34.7322142 , -87.609822
ZERO_RESULTS
ZERO_RESULTS
ZERO_RESULTS
ZERO_RESULTS
ZERO_RESULTS
ZERO_RESULTS
ZERO_RESULTS
ZERO_RESULTS
ZERO_RESULTS
20.8589236 , -87.6684516
ZERO_RESULTS
ZERO_RESULTS
ZERO_RESULTS
ZERO_RESULTS
ZERO_RESULTS
ZERO_RESULTS
ZERO_RESULTS
ZERO_RESULTS
ZERO_RESULTS
ZERO_RESULTS
ZERO_RESULTS
ZERO_RESULTS
ZERO_RESULTS
ZERO_RESULTS
ZERO_RESULTS
ZERO_RESULTS
ZERO_RESULTS
ZERO_RESULTS
20.8566002 , -87.8701878
ZERO_RESULTS
ZERO_RESULTS
ZERO_RESULTS
ZERO_RESULTS
ZERO_RESULTS
ZERO_RESULTS
ZERO_RESULTS
20.7688857 , -88.0041504
ZERO_RESULTS
ZERO_RESULTS
ZERO_RESULTS
ZERO_RESULTS
20.5021757 , -87.9238695
ZERO_RESULTS
ZERO_RESULTS
ZERO_RESULTS
ZERO_RESULTS
ZERO_RESULTS
ZERO_RESULTS
ZERO_RESULTS
ZERO_RESULTS
ZERO_RESULTS
ZERO_RESULTS
ZERO_RESULTS
ZERO_RESULTS
ZERO_RESULTS
ZERO_RESULTS
ZERO_RESULTS
ZERO_RESULTS
ZERO_RESULTS
ZERO_RESULTS
ZERO_RESULTS
ZERO_RESULTS
ZERO_RESULTS
ZERO_RESULTS
ZERO_RESULTS
ZERO_RESULTS
ZERO_RESULTS
ZERO_RESULTS
ZERO_RESULTS
ZERO_RESULTS
ZERO_RESULTS
ZERO_RESULTS
ZERO_RESULTS
ZERO_RESULTS
ZERO_RESULTS
ZERO_RESULTS
ZERO_RESULTS
ZERO_RESULTS
ZERO_RESULTS
ZERO_RESULTS
ZERO_RESULTS
ZERO_RESULTS
ZERO_RESULTS
ZERO_RESULTS
ZERO_RESULTS
ZERO_RESULTS
ZERO_RESULTS
ZERO_RESULTS
ZERO_RESULTS
20.3833558 , -88.0844106
ZERO_RESULTS
ZERO_RESULTS
ZERO_RESULTS
ZERO_RESULTS
ZERO_RESULTS
ZERO_RESULTS
ZERO_RESULTS
ZERO_RESULTS
ZERO_RESULTS
ZERO_RESULTS
ZERO_RESULTS
ZERO_RESULTS
ZERO_RESULTS
ZERO_RESULTS
ZERO_RESULTS
ZERO_RESULTS
ZERO_RESULTS
ZERO_RESULTS
ZERO_RESULTS
ZERO_RESULTS
ZERO_RESULTS
ZERO_RESULTS
ZERO_RESULTS
ZERO_RESULTS
ZERO_RESULTS
ZERO_RESULTS
ZERO_RESULTS
ZERO_RESULTS
ZERO_RESULTS
ZERO_RESULTS
20.7677438 , -88.572264
ZERO_RESULTS
ZERO_RESULTS
ZERO_RESULTS
ZERO_RESULTS
ZERO_RESULTS
ZERO_RESULTS
ZERO_RESULTS
ZERO_RESULTS
ZERO_RESULTS
ZERO_RESULTS
ZERO_RESULTS
ZERO_RESULTS
ZERO_RESULTS
ZERO_RESULTS
ZERO_RESULTS
ZERO_RESULTS
ZERO_RESULTS
ZERO_RESULTS
ZERO_RESULTS
ZERO_RESULTS
ZERO_RESULTS
ZERO_RESULTS
ZERO_RESULTS
ZERO_RESULTS
38.946934 , -76.89143
ZERO_RESULTS
ZERO_RESULTS
ZERO_RESULTS
ZERO_RESULTS
ZERO_RESULTS
ZERO_RESULTS
ZERO_RESULTS
ZERO_RESULTS
ZERO_RESULTS
ZERO_RESULTS
ZERO_RESULTS
ZERO_RESULTS
ZERO_RESULTS
ZERO_RESULTS
ZERO_RESULTS
ZERO_RESULTS
ZERO_RESULTS
20.6368664 , -89.3442237
ZERO_RESULTS
20.6399898 , -89.3421453
ZERO_RESULTS
ZERO_RESULTS
ZERO_RESULTS
20.9343609 , -89.8343713
20.9644432 , -89.8562958
ZERO_RESULTS
ZERO_RESULTS
20.935172 , -89.831616
20.935172 , -89.831616
ZERO_RESULTS
20.8887185 , -89.000353
20.9498302 , -89.5533046
ZERO_RESULTS
ZERO_RESULTS
20.9441486 , -89.5639119
ZERO_RESULTS
ZERO_RESULTS
ZERO_RESULTS
20.6214393 , -88.4146626
ZERO_RESULTS
ZERO_RESULTS
ZERO_RESULTS
ZERO_RESULTS
ZERO_RESULTS
ZERO_RESULTS
ZERO_RESULTS
ZERO_RESULTS
ZERO_RESULTS
ZERO_RESULTS
ZERO_RESULTS
ZERO_RESULTS
ZERO_RESULTS
ZERO_RESULTS
ZERO_RESULTS
ZERO_RESULTS
ZERO_RESULTS
ZERO_RESULTS
ZERO_RESULTS
ZERO_RESULTS
20.704444 , -90.157222
ZERO_RESULTS
ZERO_RESULTS
ZERO_RESULTS
ZERO_RESULTS
ZERO_RESULTS
ZERO_RESULTS
ZERO_RESULTS
ZERO_RESULTS
ZERO_RESULTS
ZERO_RESULTS
ZERO_RESULTS
ZERO_RESULTS
ZERO_RESULTS
ZERO_RESULTS
ZERO_RESULTS
ZERO_RESULTS
ZERO_RESULTS
ZERO_RESULTS
ZERO_RESULTS
ZERO_RESULTS
ZERO_RESULTS
ZERO_RESULTS
ZERO_RESULTS
20.9979343 , -89.554713
21.0462157 , -89.6223811
20.3766493 , -89.7713016
21.0475563 , -89.6145918
21.030813 , -89.590287
21.113698 , -89.6085906
ZERO_RESULTS
ZERO_RESULTS
ZERO_RESULTS
ZERO_RESULTS
ZERO_RESULTS
ZERO_RESULTS
ZERO_RESULTS
ZERO_RESULTS
ZERO_RESULTS
ZERO_RESULTS
20.863994 , -89.5797258
20.880105 , -89.652858
ZERO_RESULTS
ZERO_RESULTS
ZERO_RESULTS
ZERO_RESULTS
ZERO_RESULTS
21.0475563 , -89.6145918
ZERO_RESULTS
OVER_QUERY_LIMIT
OVER_QUERY_LIMIT
ZERO_RESULTS
21.0758053 , -89.6274136
ZERO_RESULTS
ZERO_RESULTS
OVER_QUERY_LIMIT
OVER_QUERY_LIMIT
OVER_QUERY_LIMIT
OVER_QUERY_LIMIT
OVER_QUERY_LIMIT
OVER_QUERY_LIMIT
OVER_QUERY_LIMIT
OVER_QUERY_LIMIT
OVER_QUERY_LIMIT
OVER_QUERY_LIMIT
OVER_QUERY_LIMIT
OVER_QUERY_LIMIT
OVER_QUERY_LIMIT
OVER_QUERY_LIMIT
OVER_QUERY_LIMIT
OVER_QUERY_LIMIT
OVER_QUERY_LIMIT
OVER_QUERY_LIMIT
OVER_QUERY_LIMIT
OVER_QUERY_LIMIT
OVER_QUERY_LIMIT
OVER_QUERY_LIMIT
OVER_QUERY_LIMIT
OVER_QUERY_LIMIT
OVER_QUERY_LIMIT
OVER_QUERY_LIMIT
OVER_QUERY_LIMIT
OVER_QUERY_LIMIT
OVER_QUERY_LIMIT
OVER_QUERY_LIMIT
OVER_QUERY_LIMIT
OVER_QUERY_LIMIT
OVER_QUERY_LIMIT
OVER_QUERY_LIMIT
OVER_QUERY_LIMIT
OVER_QUERY_LIMIT
OVER_QUERY_LIMIT
OVER_QUERY_LIMIT
OVER_QUERY_LIMIT
OVER_QUERY_LIMIT
OVER_QUERY_LIMIT
OVER_QUERY_LIMIT
OVER_QUERY_LIMIT
OVER_QUERY_LIMIT
OVER_QUERY_LIMIT
OVER_QUERY_LIMIT
OVER_QUERY_LIMIT
OVER_QUERY_LIMIT
OVER_QUERY_LIMIT
OVER_QUERY_LIMIT
OVER_QUERY_LIMIT
OVER_QUERY_LIMIT
OVER_QUERY_LIMIT
OVER_QUERY_LIMIT
OVER_QUERY_LIMIT
OVER_QUERY_LIMIT
OVER_QUERY_LIMIT
OVER_QUERY_LIMIT
OVER_QUERY_LIMIT
OVER_QUERY_LIMIT
OVER_QUERY_LIMIT
OVER_QUERY_LIMIT
OVER_QUERY_LIMIT
OVER_QUERY_LIMIT
OVER_QUERY_LIMIT
OVER_QUERY_LIMIT
OVER_QUERY_LIMIT
OVER_QUERY_LIMIT
OVER_QUERY_LIMIT
OVER_QUERY_LIMIT
OVER_QUERY_LIMIT
OVER_QUERY_LIMIT
OVER_QUERY_LIMIT
OVER_QUERY_LIMIT
OVER_QUERY_LIMIT
OVER_QUERY_LIMIT
OVER_QUERY_LIMIT
OVER_QUERY_LIMIT
OVER_QUERY_LIMIT
OVER_QUERY_LIMIT
OVER_QUERY_LIMIT
OVER_QUERY_LIMIT
OVER_QUERY_LIMIT
OVER_QUERY_LIMIT
OVER_QUERY_LIMIT
OVER_QUERY_LIMIT
OVER_QUERY_LIMIT
OVER_QUERY_LIMIT
OVER_QUERY_LIMIT
OVER_QUERY_LIMIT
OVER_QUERY_LIMIT
OVER_QUERY_LIMIT
OVER_QUERY_LIMIT
OVER_QUERY_LIMIT
OVER_QUERY_LIMIT
OVER_QUERY_LIMIT
OVER_QUERY_LIMIT
OVER_QUERY_LIMIT
OVER_QUERY_LIMIT
OVER_QUERY_LIMIT
OVER_QUERY_LIMIT
OVER_QUERY_LIMIT
OVER_QUERY_LIMIT
OVER_QUERY_LIMIT
OVER_QUERY_LIMIT
OVER_QUERY_LIMIT
OVER_QUERY_LIMIT
OVER_QUERY_LIMIT
OVER_QUERY_LIMIT
OVER_QUERY_LIMIT
OVER_QUERY_LIMIT
OVER_QUERY_LIMIT
OVER_QUERY_LIMIT
OVER_QUERY_LIMIT
OVER_QUERY_LIMIT
OVER_QUERY_LIMIT
OVER_QUERY_LIMIT
OVER_QUERY_LIMIT
OVER_QUERY_LIMIT
OVER_QUERY_LIMIT
OVER_QUERY_LIMIT
OVER_QUERY_LIMIT
OVER_QUERY_LIMIT
OVER_QUERY_LIMIT
OVER_QUERY_LIMIT
OVER_QUERY_LIMIT
OVER_QUERY_LIMIT
OVER_QUERY_LIMIT
OVER_QUERY_LIMIT
OVER_QUERY_LIMIT
OVER_QUERY_LIMIT
OVER_QUERY_LIMIT
OVER_QUERY_LIMIT
OVER_QUERY_LIMIT
OVER_QUERY_LIMIT
OVER_QUERY_LIMIT
OVER_QUERY_LIMIT
OVER_QUERY_LIMIT
OVER_QUERY_LIMIT
OVER_QUERY_LIMIT
OVER_QUERY_LIMIT
OVER_QUERY_LIMIT
OVER_QUERY_LIMIT
OVER_QUERY_LIMIT
OVER_QUERY_LIMIT
OVER_QUERY_LIMIT
OVER_QUERY_LIMIT
OVER_QUERY_LIMIT
OVER_QUERY_LIMIT
OVER_QUERY_LIMIT
OVER_QUERY_LIMIT
OVER_QUERY_LIMIT
OVER_QUERY_LIMIT
OVER_QUERY_LIMIT
OVER_QUERY_LIMIT
OVER_QUERY_LIMIT
OVER_QUERY_LIMIT
OVER_QUERY_LIMIT
OVER_QUERY_LIMIT
OVER_QUERY_LIMIT
OVER_QUERY_LIMIT
OVER_QUERY_LIMIT
OVER_QUERY_LIMIT
OVER_QUERY_LIMIT
OVER_QUERY_LIMIT
OVER_QUERY_LIMIT
OVER_QUERY_LIMIT
OVER_QUERY_LIMIT
OVER_QUERY_LIMIT
OVER_QUERY_LIMIT
OVER_QUERY_LIMIT
OVER_QUERY_LIMIT
OVER_QUERY_LIMIT
OVER_QUERY_LIMIT
OVER_QUERY_LIMIT
OVER_QUERY_LIMIT
OVER_QUERY_LIMIT
OVER_QUERY_LIMIT
OVER_QUERY_LIMIT
OVER_QUERY_LIMIT
OVER_QUERY_LIMIT
OVER_QUERY_LIMIT
OVER_QUERY_LIMIT
OVER_QUERY_LIMIT
OVER_QUERY_LIMIT
OVER_QUERY_LIMIT
OVER_QUERY_LIMIT
OVER_QUERY_LIMIT
OVER_QUERY_LIMIT
OVER_QUERY_LIMIT
OVER_QUERY_LIMIT
OVER_QUERY_LIMIT
OVER_QUERY_LIMIT
OVER_QUERY_LIMIT
OVER_QUERY_LIMIT
OVER_QUERY_LIMIT
OVER_QUERY_LIMIT
OVER_QUERY_LIMIT
OVER_QUERY_LIMIT
OVER_QUERY_LIMIT
OVER_QUERY_LIMIT
OVER_QUERY_LIMIT
OVER_QUERY_LIMIT
OVER_QUERY_LIMIT
OVER_QUERY_LIMIT
OVER_QUERY_LIMIT
OVER_QUERY_LIMIT
OVER_QUERY_LIMIT
OVER_QUERY_LIMIT
OVER_QUERY_LIMIT
OVER_QUERY_LIMIT
OVER_QUERY_LIMIT
OVER_QUERY_LIMIT
OVER_QUERY_LIMIT
OVER_QUERY_LIMIT
OVER_QUERY_LIMIT
OVER_QUERY_LIMIT
OVER_QUERY_LIMIT
OVER_QUERY_LIMIT
OVER_QUERY_LIMIT
OVER_QUERY_LIMIT
OVER_QUERY_LIMIT
OVER_QUERY_LIMIT
OVER_QUERY_LIMIT
OVER_QUERY_LIMIT
OVER_QUERY_LIMIT
OVER_QUERY_LIMIT
OVER_QUERY_LIMIT
OVER_QUERY_LIMIT
OVER_QUERY_LIMIT
OVER_QUERY_LIMIT
OVER_QUERY_LIMIT
OVER_QUERY_LIMIT
OVER_QUERY_LIMIT
OVER_QUERY_LIMIT
OVER_QUERY_LIMIT
OVER_QUERY_LIMIT
OVER_QUERY_LIMIT
OVER_QUERY_LIMIT
OVER_QUERY_LIMIT
OVER_QUERY_LIMIT
OVER_QUERY_LIMIT
OVER_QUERY_LIMIT
OVER_QUERY_LIMIT
OVER_QUERY_LIMIT
OVER_QUERY_LIMIT
OVER_QUERY_LIMIT
OVER_QUERY_LIMIT
OVER_QUERY_LIMIT
OVER_QUERY_LIMIT
OVER_QUERY_LIMIT
OVER_QUERY_LIMIT
OVER_QUERY_LIMIT
OVER_QUERY_LIMIT
OVER_QUERY_LIMIT
OVER_QUERY_LIMIT
OVER_QUERY_LIMIT
OVER_QUERY_LIMIT
OVER_QUERY_LIMIT
OVER_QUERY_LIMIT
OVER_QUERY_LIMIT
OVER_QUERY_LIMIT
OVER_QUERY_LIMIT
OVER_QUERY_LIMIT
OVER_QUERY_LIMIT
OVER_QUERY_LIMIT
OVER_QUERY_LIMIT
OVER_QUERY_LIMIT
OVER_QUERY_LIMIT
OVER_QUERY_LIMIT
OVER_QUERY_LIMIT
OVER_QUERY_LIMIT
OVER_QUERY_LIMIT
OVER_QUERY_LIMIT
OVER_QUERY_LIMIT
OVER_QUERY_LIMIT
OVER_QUERY_LIMIT
OVER_QUERY_LIMIT
OVER_QUERY_LIMIT
OVER_QUERY_LIMIT
OVER_QUERY_LIMIT
OVER_QUERY_LIMIT
OVER_QUERY_LIMIT
OVER_QUERY_LIMIT
OVER_QUERY_LIMIT
OVER_QUERY_LIMIT
OVER_QUERY_LIMIT
OVER_QUERY_LIMIT
OVER_QUERY_LIMIT
OVER_QUERY_LIMIT
OVER_QUERY_LIMIT
OVER_QUERY_LIMIT
OVER_QUERY_LIMIT
OVER_QUERY_LIMIT
OVER_QUERY_LIMIT
OVER_QUERY_LIMIT
OVER_QUERY_LIMIT
OVER_QUERY_LIMIT
OVER_QUERY_LIMIT
OVER_QUERY_LIMIT
OVER_QUERY_LIMIT
OVER_QUERY_LIMIT
OVER_QUERY_LIMIT
OVER_QUERY_LIMIT
OVER_QUERY_LIMIT
OVER_QUERY_LIMIT
OVER_QUERY_LIMIT
OVER_QUERY_LIMIT
OVER_QUERY_LIMIT
OVER_QUERY_LIMIT
OVER_QUERY_LIMIT
OVER_QUERY_LIMIT
OVER_QUERY_LIMIT
OVER_QUERY_LIMIT
OVER_QUERY_LIMIT
OVER_QUERY_LIMIT
OVER_QUERY_LIMIT
OVER_QUERY_LIMIT
OVER_QUERY_LIMIT
OVER_QUERY_LIMIT
OVER_QUERY_LIMIT
OVER_QUERY_LIMIT
OVER_QUERY_LIMIT
OVER_QUERY_LIMIT
OVER_QUERY_LIMIT
OVER_QUERY_LIMIT
OVER_QUERY_LIMIT
OVER_QUERY_LIMIT
OVER_QUERY_LIMIT
OVER_QUERY_LIMIT
OVER_QUERY_LIMIT
OVER_QUERY_LIMIT
OVER_QUERY_LIMIT
OVER_QUERY_LIMIT
OVER_QUERY_LIMIT
OVER_QUERY_LIMIT
OVER_QUERY_LIMIT
OVER_QUERY_LIMIT
OVER_QUERY_LIMIT
OVER_QUERY_LIMIT
OVER_QUERY_LIMIT
OVER_QUERY_LIMIT
OVER_QUERY_LIMIT
OVER_QUERY_LIMIT
OVER_QUERY_LIMIT
OVER_QUERY_LIMIT
OVER_QUERY_LIMIT
OVER_QUERY_LIMIT
OVER_QUERY_LIMIT
OVER_QUERY_LIMIT
OVER_QUERY_LIMIT
OVER_QUERY_LIMIT
OVER_QUERY_LIMIT
OVER_QUERY_LIMIT
OVER_QUERY_LIMIT
OVER_QUERY_LIMIT
OVER_QUERY_LIMIT
OVER_QUERY_LIMIT
OVER_QUERY_LIMIT
OVER_QUERY_LIMIT
OVER_QUERY_LIMIT
OVER_QUERY_LIMIT
OVER_QUERY_LIMIT
OVER_QUERY_LIMIT
OVER_QUERY_LIMIT
OVER_QUERY_LIMIT
OVER_QUERY_LIMIT
OVER_QUERY_LIMIT
OVER_QUERY_LIMIT
OVER_QUERY_LIMIT
OVER_QUERY_LIMIT
OVER_QUERY_LIMIT
OVER_QUERY_LIMIT
OVER_QUERY_LIMIT
OVER_QUERY_LIMIT
OVER_QUERY_LIMIT
OVER_QUERY_LIMIT
OVER_QUERY_LIMIT
OVER_QUERY_LIMIT
OVER_QUERY_LIMIT
OVER_QUERY_LIMIT
OVER_QUERY_LIMIT
OVER_QUERY_LIMIT
OVER_QUERY_LIMIT
OVER_QUERY_LIMIT
OVER_QUERY_LIMIT
OVER_QUERY_LIMIT
OVER_QUERY_LIMIT
OVER_QUERY_LIMIT
OVER_QUERY_LIMIT
OVER_QUERY_LIMIT
OVER_QUERY_LIMIT
OVER_QUERY_LIMIT
OVER_QUERY_LIMIT
OVER_QUERY_LIMIT
OVER_QUERY_LIMIT
OVER_QUERY_LIMIT
OVER_QUERY_LIMIT
OVER_QUERY_LIMIT
OVER_QUERY_LIMIT
OVER_QUERY_LIMIT
OVER_QUERY_LIMIT
OVER_QUERY_LIMIT
OVER_QUERY_LIMIT
OVER_QUERY_LIMIT
OVER_QUERY_LIMIT
OVER_QUERY_LIMIT
OVER_QUERY_LIMIT
OVER_QUERY_LIMIT
OVER_QUERY_LIMIT
OVER_QUERY_LIMIT
OVER_QUERY_LIMIT
OVER_QUERY_LIMIT
OVER_QUERY_LIMIT
OVER_QUERY_LIMIT
OVER_QUERY_LIMIT
OVER_QUERY_LIMIT
OVER_QUERY_LIMIT
OVER_QUERY_LIMIT
OVER_QUERY_LIMIT
OVER_QUERY_LIMIT
OVER_QUERY_LIMIT
OVER_QUERY_LIMIT
OVER_QUERY_LIMIT
OVER_QUERY_LIMIT
OVER_QUERY_LIMIT
OVER_QUERY_LIMIT
OVER_QUERY_LIMIT
OVER_QUERY_LIMIT
OVER_QUERY_LIMIT
OVER_QUERY_LIMIT
OVER_QUERY_LIMIT
OVER_QUERY_LIMIT
OVER_QUERY_LIMIT
OVER_QUERY_LIMIT
OVER_QUERY_LIMIT
OVER_QUERY_LIMIT
OVER_QUERY_LIMIT
OVER_QUERY_LIMIT
OVER_QUERY_LIMIT
OVER_QUERY_LIMIT
OVER_QUERY_LIMIT
OVER_QUERY_LIMIT
OVER_QUERY_LIMIT
OVER_QUERY_LIMIT
OVER_QUERY_LIMIT
OVER_QUERY_LIMIT
OVER_QUERY_LIMIT
OVER_QUERY_LIMIT
OVER_QUERY_LIMIT
OVER_QUERY_LIMIT
OVER_QUERY_LIMIT
OVER_QUERY_LIMIT
OVER_QUERY_LIMIT
OVER_QUERY_LIMIT
OVER_QUERY_LIMIT
OVER_QUERY_LIMIT
OVER_QUERY_LIMIT
OVER_QUERY_LIMIT
OVER_QUERY_LIMIT
OVER_QUERY_LIMIT
OVER_QUERY_LIMIT
OVER_QUERY_LIMIT
OVER_QUERY_LIMIT
OVER_QUERY_LIMIT
OVER_QUERY_LIMIT
OVER_QUERY_LIMIT
OVER_QUERY_LIMIT
OVER_QUERY_LIMIT
OVER_QUERY_LIMIT
OVER_QUERY_LIMIT
OVER_QUERY_LIMIT
OVER_QUERY_LIMIT
OVER_QUERY_LIMIT
OVER_QUERY_LIMIT
OVER_QUERY_LIMIT
OVER_QUERY_LIMIT
OVER_QUERY_LIMIT
OVER_QUERY_LIMIT
OVER_QUERY_LIMIT
OVER_QUERY_LIMIT
OVER_QUERY_LIMIT
OVER_QUERY_LIMIT
OVER_QUERY_LIMIT
OVER_QUERY_LIMIT
OVER_QUERY_LIMIT
OVER_QUERY_LIMIT
OVER_QUERY_LIMIT
OVER_QUERY_LIMIT
OVER_QUERY_LIMIT
OVER_QUERY_LIMIT
OVER_QUERY_LIMIT
OVER_QUERY_LIMIT
OVER_QUERY_LIMIT
OVER_QUERY_LIMIT
OVER_QUERY_LIMIT
OVER_QUERY_LIMIT
OVER_QUERY_LIMIT
OVER_QUERY_LIMIT
OVER_QUERY_LIMIT
OVER_QUERY_LIMIT
OVER_QUERY_LIMIT
OVER_QUERY_LIMIT
OVER_QUERY_LIMIT
OVER_QUERY_LIMIT
OVER_QUERY_LIMIT
OVER_QUERY_LIMIT
OVER_QUERY_LIMIT
OVER_QUERY_LIMIT
OVER_QUERY_LIMIT
OVER_QUERY_LIMIT
OVER_QUERY_LIMIT
OVER_QUERY_LIMIT
OVER_QUERY_LIMIT
OVER_QUERY_LIMIT
OVER_QUERY_LIMIT
OVER_QUERY_LIMIT
OVER_QUERY_LIMIT
OVER_QUERY_LIMIT
OVER_QUERY_LIMIT
OVER_QUERY_LIMIT
OVER_QUERY_LIMIT
OVER_QUERY_LIMIT
OVER_QUERY_LIMIT
OVER_QUERY_LIMIT
OVER_QUERY_LIMIT
OVER_QUERY_LIMIT
OVER_QUERY_LIMIT
OVER_QUERY_LIMIT
OVER_QUERY_LIMIT
OVER_QUERY_LIMIT
OVER_QUERY_LIMIT
OVER_QUERY_LIMIT
OVER_QUERY_LIMIT
OVER_QUERY_LIMIT
OVER_QUERY_LIMIT
OVER_QUERY_LIMIT
OVER_QUERY_LIMIT
OVER_QUERY_LIMIT
OVER_QUERY_LIMIT
OVER_QUERY_LIMIT
OVER_QUERY_LIMIT
OVER_QUERY_LIMIT
OVER_QUERY_LIMIT
OVER_QUERY_LIMIT
OVER_QUERY_LIMIT
OVER_QUERY_LIMIT
OVER_QUERY_LIMIT
OVER_QUERY_LIMIT
OVER_QUERY_LIMIT
OVER_QUERY_LIMIT
OVER_QUERY_LIMIT
OVER_QUERY_LIMIT
OVER_QUERY_LIMIT
OVER_QUERY_LIMIT
OVER_QUERY_LIMIT
OVER_QUERY_LIMIT
OVER_QUERY_LIMIT
OVER_QUERY_LIMIT
OVER_QUERY_LIMIT
OVER_QUERY_LIMIT
OVER_QUERY_LIMIT
OVER_QUERY_LIMIT
OVER_QUERY_LIMIT
OVER_QUERY_LIMIT
OVER_QUERY_LIMIT
OVER_QUERY_LIMIT
OVER_QUERY_LIMIT
OVER_QUERY_LIMIT
OVER_QUERY_LIMIT
OVER_QUERY_LIMIT
OVER_QUERY_LIMIT
OVER_QUERY_LIMIT
OVER_QUERY_LIMIT
OVER_QUERY_LIMIT
OVER_QUERY_LIMIT
OVER_QUERY_LIMIT
OVER_QUERY_LIMIT
OVER_QUERY_LIMIT
OVER_QUERY_LIMIT
OVER_QUERY_LIMIT
OVER_QUERY_LIMIT
OVER_QUERY_LIMIT
OVER_QUERY_LIMIT
OVER_QUERY_LIMIT
OVER_QUERY_LIMIT
OVER_QUERY_LIMIT
OVER_QUERY_LIMIT
OVER_QUERY_LIMIT
OVER_QUERY_LIMIT
OVER_QUERY_LIMIT
OVER_QUERY_LIMIT
OVER_QUERY_LIMIT
OVER_QUERY_LIMIT
OVER_QUERY_LIMIT
OVER_QUERY_LIMIT
OVER_QUERY_LIMIT
OVER_QUERY_LIMIT
OVER_QUERY_LIMIT
OVER_QUERY_LIMIT
OVER_QUERY_LIMIT
OVER_QUERY_LIMIT
OVER_QUERY_LIMIT
OVER_QUERY_LIMIT
OVER_QUERY_LIMIT
OVER_QUERY_LIMIT
OVER_QUERY_LIMIT
OVER_QUERY_LIMIT
OVER_QUERY_LIMIT
OVER_QUERY_LIMIT
OVER_QUERY_LIMIT
OVER_QUERY_LIMIT
OVER_QUERY_LIMIT
OVER_QUERY_LIMIT
OVER_QUERY_LIMIT
OVER_QUERY_LIMIT
OVER_QUERY_LIMIT
OVER_QUERY_LIMIT
OVER_QUERY_LIMIT
OVER_QUERY_LIMIT
OVER_QUERY_LIMIT
OVER_QUERY_LIMIT
OVER_QUERY_LIMIT
OVER_QUERY_LIMIT
OVER_QUERY_LIMIT
OVER_QUERY_LIMIT
OVER_QUERY_LIMIT
OVER_QUERY_LIMIT
OVER_QUERY_LIMIT
OVER_QUERY_LIMIT
OVER_QUERY_LIMIT
OVER_QUERY_LIMIT
OVER_QUERY_LIMIT
OVER_QUERY_LIMIT
OVER_QUERY_LIMIT
OVER_QUERY_LIMIT
OVER_QUERY_LIMIT
OVER_QUERY_LIMIT
OVER_QUERY_LIMIT
OVER_QUERY_LIMIT
OVER_QUERY_LIMIT
OVER_QUERY_LIMIT
OVER_QUERY_LIMIT
OVER_QUERY_LIMIT
OVER_QUERY_LIMIT
OVER_QUERY_LIMIT
OVER_QUERY_LIMIT
OVER_QUERY_LIMIT
OVER_QUERY_LIMIT
OVER_QUERY_LIMIT
OVER_QUERY_LIMIT
OVER_QUERY_LIMIT
OVER_QUERY_LIMIT
OVER_QUERY_LIMIT
OVER_QUERY_LIMIT
OVER_QUERY_LIMIT
OVER_QUERY_LIMIT
OVER_QUERY_LIMIT
OVER_QUERY_LIMIT
OVER_QUERY_LIMIT
OVER_QUERY_LIMIT
OVER_QUERY_LIMIT
OVER_QUERY_LIMIT
OVER_QUERY_LIMIT
OVER_QUERY_LIMIT
OVER_QUERY_LIMIT
OVER_QUERY_LIMIT
OVER_QUERY_LIMIT
OVER_QUERY_LIMIT
OVER_QUERY_LIMIT
OVER_QUERY_LIMIT
OVER_QUERY_LIMIT
OVER_QUERY_LIMIT
OVER_QUERY_LIMIT
OVER_QUERY_LIMIT
OVER_QUERY_LIMIT
OVER_QUERY_LIMIT
OVER_QUERY_LIMIT
OVER_QUERY_LIMIT
OVER_QUERY_LIMIT
OVER_QUERY_LIMIT
OVER_QUERY_LIMIT
OVER_QUERY_LIMIT
OVER_QUERY_LIMIT
OVER_QUERY_LIMIT
OVER_QUERY_LIMIT
OVER_QUERY_LIMIT
OVER_QUERY_LIMIT
OVER_QUERY_LIMIT
OVER_QUERY_LIMIT
OVER_QUERY_LIMIT
OVER_QUERY_LIMIT
OVER_QUERY_LIMIT
OVER_QUERY_LIMIT
OVER_QUERY_LIMIT
OVER_QUERY_LIMIT
OVER_QUERY_LIMIT
OVER_QUERY_LIMIT
OVER_QUERY_LIMIT
OVER_QUERY_LIMIT
OVER_QUERY_LIMIT
OVER_QUERY_LIMIT
OVER_QUERY_LIMIT
OVER_QUERY_LIMIT
OVER_QUERY_LIMIT
OVER_QUERY_LIMIT
OVER_QUERY_LIMIT
OVER_QUERY_LIMIT
OVER_QUERY_LIMIT
OVER_QUERY_LIMIT
OVER_QUERY_LIMIT
OVER_QUERY_LIMIT
OVER_QUERY_LIMIT
OVER_QUERY_LIMIT
OVER_QUERY_LIMIT
OVER_QUERY_LIMIT
OVER_QUERY_LIMIT
OVER_QUERY_LIMIT
OVER_QUERY_LIMIT
OVER_QUERY_LIMIT
OVER_QUERY_LIMIT
OVER_QUERY_LIMIT
OVER_QUERY_LIMIT
OVER_QUERY_LIMIT
OVER_QUERY_LIMIT
OVER_QUERY_LIMIT
OVER_QUERY_LIMIT
OVER_QUERY_LIMIT
OVER_QUERY_LIMIT
OVER_QUERY_LIMIT
OVER_QUERY_LIMIT
OVER_QUERY_LIMIT
OVER_QUERY_LIMIT
OVER_QUERY_LIMIT
OVER_QUERY_LIMIT
OVER_QUERY_LIMIT
OVER_QUERY_LIMIT
OVER_QUERY_LIMIT
OVER_QUERY_LIMIT
OVER_QUERY_LIMIT
OVER_QUERY_LIMIT
OVER_QUERY_LIMIT
OVER_QUERY_LIMIT
OVER_QUERY_LIMIT
OVER_QUERY_LIMIT
OVER_QUERY_LIMIT
OVER_QUERY_LIMIT
OVER_QUERY_LIMIT
OVER_QUERY_LIMIT
OVER_QUERY_LIMIT
OVER_QUERY_LIMIT
OVER_QUERY_LIMIT
OVER_QUERY_LIMIT
OVER_QUERY_LIMIT
OVER_QUERY_LIMIT
OVER_QUERY_LIMIT
OVER_QUERY_LIMIT
OVER_QUERY_LIMIT
OVER_QUERY_LIMIT
OVER_QUERY_LIMIT
OVER_QUERY_LIMIT
OVER_QUERY_LIMIT
OVER_QUERY_LIMIT
OVER_QUERY_LIMIT
OVER_QUERY_LIMIT
OVER_QUERY_LIMIT
OVER_QUERY_LIMIT
OVER_QUERY_LIMIT
OVER_QUERY_LIMIT
OVER_QUERY_LIMIT
OVER_QUERY_LIMIT
OVER_QUERY_LIMIT
OVER_QUERY_LIMIT
OVER_QUERY_LIMIT
OVER_QUERY_LIMIT
OVER_QUERY_LIMIT
OVER_QUERY_LIMIT
OVER_QUERY_LIMIT
OVER_QUERY_LIMIT
OVER_QUERY_LIMIT
OVER_QUERY_LIMIT
OVER_QUERY_LIMIT
OVER_QUERY_LIMIT
OVER_QUERY_LIMIT
OVER_QUERY_LIMIT
OVER_QUERY_LIMIT
OVER_QUERY_LIMIT
